04 0.39 0.7525 0.03998355263157888 0.03248355263157887
02 0.153125 0.219375 0.05874161073825504 0.05124161073825503
03 0.37375 0.7825 0.03995689655172413 0.022456896551724115
02 0.170625 0.906875 0.061244444444444435 0.06374444444444438
10 0.318125 0.4625 0.03623809523809529 0.03248809523809526
02 0.12625 0.8343750000000001 0.034992977528089886 0.053742977528089875
06 0.155625 0.47625 0.14624509803921568 0.027495098039215682
11 0.623125 0.8625 0.04870689655172411 0.04245689655172413
05 0.8575 0.6637500000000001 0.022478448275862206 0.05497844827586218
02 0.23690340909090907 0.903125 0.026193181818181838 0.05113636363636376
15 0.44 0.48687500000000006 0.08498579545454543 0.0737357954545455
