03 0.389375 0.69875 0.05373355263157892 0.06498355263157896
16 0.2325 0.48187499999999994 0.03749161073825508 0.06624161073825502
06 0.63625 0.5856250000000001 0.04245689655172413 0.02120689655172414
05 0.38687499999999997 0.05625 0.048744444444444535 0.022494444444444442
06 0.48624999999999996 0.19625 0.10248809523809527 0.08998809523809526
08 0.34875 0.029375 0.06499297752808986 0.04624297752808989
06 0.7975 0.231875 0.06499509803921577 0.06374509803921569
08 0.74125 0.96 0.02745689655172412 0.049956896551724195
12 0.579375 0.8049999999999999 0.05122844827586204 0.05247844827586212
03 0.505625 0.77625 0.03863636363636358 0.05988636363636379
14 0.565 0.31875 0.02498579545454549 0.04748579545454551
03 0.961875 0.30874999999999997 0.02871951219512192 0.03246951219512201
01 0.69625 0.614375 0.02498214285714284 0.02373214285714287
