03 0.986875 0.729375 0.013733552631578827 0.01873355263157883
03 0.428125 0.144375 0.043741610738255055 0.01624161073825503
08 0.505625 0.42874999999999996 0.008706896551724075 0.034956896551724126
01 0.911875 0.669375 0.0212444444444444 0.01874444444444434
10 0.686875 0.808125 0.016238095238095163 0.016238095238095163
20 0.14625 0.941875 0.017492977528089898 0.018742977528089844
18 0.235625 0.115625 0.011245098039215695 0.013745098039215684
03 0.8674999999999999 0.345625 0.01745689655172422 0.016206896551724137
20 0.646875 0.32875 0.01372844827586217 0.012478448275862086
13 0.9612499999999999 0.199375 0.039886363636363664 0.023636363636363678
10 0.78375 0.025625000000000002 0.017485795454545427 0.016235795454545458
03 0.8225 0.639375 0.014969512195121992 0.016219512195121966
01 0.13187500000000002 0.7893749999999999 0.008732142857142883 0.006232142857142908
18 0.74 0.8243750000000001 0.014987499999999931 0.018737499999999963
