00 0.5874999999999999 0.24312499999999998 0.039983552631578934 0.03123355263157898
01 0.516875 0.336875 0.031241610738255043 0.031241610738255043
03 0.74875 0.19687500000000002 0.04245689655172413 0.04120689655172413
03 0.26875000000000004 0.7831250000000001 0.022494444444444428 0.02874444444444435
03 0.44875 0.73875 0.02248809523809525 0.054988095238095114
08 0.2925 0.7281232443820225 0.049992977528089844 0.06374648876404487
06 0.2981262254901961 0.84125 0.05874754901960788 0.0674950980392156
03 0.289375 0.5662499999999999 0.043706896551724106 0.0649568965517241
15 0.670625 0.7481249999999999 0.0437284482758622 0.03872844827586219
18 0.9099999999999999 0.5125 0.024886363636363762 0.027386363636363542
05 0.7106214488636364 0.75 0.028742897727272676 0.044985795454545396
