07 0.859375 0.6331249999999999 0.02873355263157884 0.11123355263157897
14 0.149375 0.9762500000000001 0.023741610738255037 0.029991610738254848
07 0.323125 0.8875 0.06120689655172412 0.11745689655172409
09 0.27937500000000004 0.5706249999999999 0.05374444444444443 0.03874444444444458
03 0.34750000000000003 0.3775 0.05748809523809523 0.03498809523809532
07 0.788125 0.209375 0.13874297752808984 0.12874297752808989
05 0.75 0.16875 0.02249509803921579 0.04499509803921567
15 0.778125 0.956875 0.06120689655172418 0.06870689655172413
06 0.21625 0.199375 0.027478448275862044 0.11622844827586204
03 0.91625 0.694375 0.07988636363636381 0.0336363636363638
