03 0.651875 0.9612499999999999 0.026233552631578894 0.01748355263157897
19 0.13374999999999998 0.6637500000000001 0.022491610738255036 0.024991610738254955
20 0.78625 0.571875 0.012456896551724217 0.01370689655172419
03 0.46375 0.638125 0.027494444444444488 0.013744444444444448
19 0.150625 0.63375 0.023738095238095225 0.02248809523809514
03 0.9875 0.97125 0.014992977528089813 0.029992977528089937
12 0.743125 0.809375 0.031245098039215713 0.028745098039215766
18 0.9075 0.21250000000000002 0.014956896551724164 0.017456896551724138
02 0.29125 0.244375 0.024978448275862042 0.011228448275862057
10 0.0175 0.43937499999999996 0.022386363636363635 0.023636363636363622
14 0.175625 0.59625 0.02123579545454546 0.01498579545454548
13 0.58375 0.5743750000000001 0.01746951219512205 0.02871951219512192
03 0.731875 0.429375 0.013732142857142748 0.02123214285714281
03 0.773125 0.53125 0.011237500000000011 0.029987500000000056
