10 0.15000000000000002 0.545625 0.03998355263157896 0.0362335526315789
04 0.250625 0.5956250000000001 0.03374161073825507 0.031241610738255043
20 0.060625 0.9568749999999999 0.026206896551724146 0.023706896551724088
14 0.87 0.91875 0.022494444444444373 0.04249444444444428
12 0.8300000000000001 0.843125 0.07748809523809508 0.028738095238095118
03 0.046875 0.860625 0.021242977528089887 0.03874297752808986
14 0.6756249999999999 0.7406250000000001 0.031245098039215713 0.03374509803921566
14 0.499375 0.64 0.03370689655172421 0.01745689655172411
07 0.174375 0.5449999999999999 0.04872844827586206 0.022478448275862095
08 0.678125 0.11499999999999999 0.05113636363636376 0.022386363636363635
08 0.7 0.49687499999999996 0.04248579545454534 0.04873579545454548
03 0.50375 0.9675 0.022469512195122 0.027469512195121948
08 0.35250000000000004 0.42562500000000003 0.03748214285714285 0.021232142857142866
