03 0.06187499999999999 0.77 0.06623355263157893 0.03248355263157887
04 0.29125 0.7949999999999999 0.03749161073825502 0.03749161073825491
20 0.204375 0.113125 0.02120689655172414 0.016206896551724123
03 0.034999999999999996 0.32 0.027494444444444443 0.03249444444444449
11 0.48 0.355 0.03998809523809527 0.029988095238095258
13 0.160625 0.11187499999999997 0.08374297752808986 0.12374297752808985
02 0.5587500000000001 0.4975 0.032495098039215686 0.042495098039215695
20 0.94875 0.871875 0.032456896551724124 0.03120689655172415
20 0.23375 0.18562499999999998 0.032478448275862076 0.03372844827586205
04 0.580625 0.8231250000000001 0.04113636363636364 0.026136363636363735
