03 0.47750000000000004 0.36875 0.03998355263157888 0.04748355263157894
14 0.720625 0.406875 0.031241610738254932 0.023741610738255037
14 0.953125 0.27937500000000004 0.036206896551724155 0.023706896551724144
03 0.5381236111111112 0.3475 0.01624722222222219 0.0374944444444445
02 0.36375 0.9125000000000001 0.029988095238095258 0.024988095238095087
06 0.4181267556179775 0.6443749999999999 0.023746488764044893 0.036242977528089804
03 0.24375000000000002 0.3425 0.032495098039215714 0.07249509803921567
12 0.088125 0.611875 0.046206896551724136 0.06870689655172413
03 0.498125 0.69625 0.026228448275862015 0.022478448275862206
20 0.5625 0.441875 0.02488636363636365 0.021136363636363564
06 0.19562144886363636 0.1125 0.006242897727272739 0.08748579545454546
03 0.053750000000000006 0.7025 0.02246951219512195 0.029969512195122006
06 0.76125 0.035625 0.022482142857142895 0.07123214285714285
20 0.6025 0.94875 0.029987499999999945 0.019987500000000047
