06 0.6156250000000001 0.33125 0.12373355263157892 0.04998355263157894
15 0.329375 0.23562500000000003 0.051241610738255006 0.07374161073825505
06 0.8475 0.23249999999999998 0.03745689655172413 0.042456896551724105
03 0.91875 0.36312500000000003 0.06499444444444435 0.09374444444444446
11 0.29312499999999997 0.808125 0.046238095238095245 0.03873809523809513
03 0.29125 0.5631250000000001 0.04749297752808984 0.053742977528089875
03 0.73875 0.16875 0.07499509803921567 0.0724950980392157
09 0.133125 0.75875 0.028706896551724134 0.09995689655172413
03 0.23125 0.44375 0.03747844827586208 0.04747844827586206
04 0.266875 0.729375 0.05863636363636365 0.053636363636363704
09 0.749375 0.32999999999999996 0.06873579545454533 0.03498579545454544
07 0.2137423780487805 0.434375 0.06248475609756099 0.06371951219512195
01 0.6131249999999999 0.640625 0.07123214285714285 0.043732142857142886
11 0.41874999999999996 0.6131249999999999 0.05498750000000002 0.0587375
