03 0.67875 0.5775 0.029983552631578925 0.027483552631578867
03 0.22062500000000002 0.355 0.023741610738255065 0.03249161073825507
10 0.32875 0.9325 0.02745689655172412 0.022456896551724226
13 0.71875 0.185625 0.0674944444444443 0.048744444444444424
08 0.4375 0.503125 0.05248809523809528 0.01873809523809522
13 0.08374999999999999 0.5543750000000001 0.06499297752808988 0.11624297752808987
03 0.645 0.045 0.032495098039215686 0.05249509803921569
09 0.89125 0.2225 0.029956896551724066 0.024956896551724117
05 0.4275 0.13375 0.019978448275862037 0.03997844827586207
08 0.614375 0.31124999999999997 0.04613636363636364 0.039886363636363664
04 0.098125 0.21500000000000002 0.028735795454545465 0.027485795454545464
18 0.920625 0.718125 0.02121951219512197 0.023719512195121917
