03 0.958125 0.815 0.016233552631578885 0.019983552631578916
03 0.12375 0.385 0.05999161073825504 0.012491610738255055
15 0.47375 0.680625 0.03745689655172413 0.026206896551724146
04 0.86375 0.64375 0.02499444444444432 0.017494444444444368
13 0.485625 0.289375 0.11373809523809525 0.04373809523809524
04 0.454375 0.47062499999999996 0.021242977528089846 0.021242977528089846
03 0.15437622549019608 0.4525 0.016247549019607843 0.02499509803921568
05 0.8943749999999999 0.35 0.0337068965517241 0.02245689655172417
08 0.155 0.530625 0.03747844827586205 0.04122844827586203
13 0.68875 0.94125 0.08238636363636376 0.029886363636363766
03 0.79 0.704375 0.07998579545454532 0.04373579545454531
03 0.719375 0.7825 0.018719512195122023 0.047469512195121966
10 0.7012499999999999 0.213125 0.01748214285714289 0.01123214285714283
