15 0.88125 0.1375 0.037483552631578876 0.04498355263157895
15 0.2125 0.8375 0.01749161073825506 0.01999161073825495
03 0.16 0.14375 0.02995689655172412 0.027456896551724147
03 0.1225 0.6 0.029994444444444476 0.029994444444444435
05 0.66625 0.024375 0.019988095238095083 0.021238095238095236
09 0.764375 0.11812500000000001 0.026242977528089906 0.016242977528089897
12 0.1325 0.94 0.0349950980392157 0.04499509803921564
20 0.451875 0.7275 0.023706896551724144 0.02495689655172406
02 0.7181249999999999 0.5762499999999999 0.05872844827586221 0.022478448275862095
13 0.40437500000000004 0.245 0.07613636363636361 0.08238636363636365
20 0.369375 0.026875 0.013735795454545452 0.011235795454545457
12 0.829375 0.801875 0.033719512195121926 0.03121951219512198
05 0.6925044642857143 0.2625 0.024991071428571376 0.029982142857142846
02 0.353125 0.5487500000000001 0.04123749999999998 0.014987500000000042
