13 0.7481249999999999 0.70875 0.07123355263157893 0.04998355263157883
03 0.65375 0.6075 0.01999161073825484 0.024991610738255066
04 0.41375 0.0475 0.022456896551724115 0.022456896551724143
14 0.448125 0.041249999999999995 0.023744444444444457 0.039994444444444444
14 0.80125 0.4125 0.024988095238095198 0.05498809523809528
00 0.184375 0.369375 0.03374297752808986 0.021242977528089846
12 0.57375 0.27875 0.034995098039215744 0.052495098039215704
04 0.31562500000000004 0.21875 0.023706896551724144 0.019956896551724113
08 0.29374999999999996 0.965 0.03747844827586205 0.03497844827586216
06 0.94875 0.5862499999999999 0.06488636363636369 0.022386363636363593
09 0.5237499999999999 0.31562500000000004 0.04248579545454556 0.02373579545454546
15 0.75375 0.343125 0.03246951219512195 0.026219512195121975
