03 0.08749588815789473 0.6581250000000001 0.04499177631578946 0.043733552631578854
12 0.5137499999999999 0.69 0.02999161073825507 0.05499161073825498
04 0.796875 0.6950000000000001 0.03120689655172404 0.032456896551724124
05 0.16874999999999998 0.684375 0.01749444444444448 0.031244444444444297
08 0.57125 0.8125 0.03998809523809521 0.04248809523809505
03 0.28625 0.711875 0.03499297752808983 0.08124297752808984
03 0.47250000000000003 0.874375 0.0499950980392157 0.02624509803921571
09 0.43625 0.77375 0.02995689655172412 0.02745689655172412
07 0.9275 0.60625 0.06497844827586219 0.01747844827586198
12 0.6525000000000001 0.551875 0.05488636363636368 0.07613636363636367
08 0.415625 0.811875 0.013735795454545452 0.0287357954545453
03 0.9268749999999999 0.145625 0.026219512195121975 0.036219512195121956
04 0.08812500000000001 0.48812500000000003 0.036232142857142866 0.03623214285714288
