03 0.166875 0.5956250000000001 0.03873355263157893 0.02873355263157895
02 0.210625 0.10500000000000001 0.04874161073825506 0.09499161073825503
12 0.578125 0.705 0.05120689655172406 0.02745689655172412
09 0.6075 0.9450000000000001 0.027494444444444488 0.03499444444444444
18 0.8343750000000001 0.0975 0.021238095238095167 0.02498809523809524
03 0.39625 0.905 0.052492977528089846 0.06499297752808986
13 0.20187499999999997 0.420625 0.14124509803921567 0.08874509803921565
13 0.176875 0.19624999999999998 0.031206896551724123 0.08245689655172414
02 0.391875 0.1575 0.031228448275862075 0.09247844827586206
03 0.27875000000000005 0.390625 0.042386363636363666 0.05613636363636365
03 0.16999999999999998 0.10250000000000001 0.049985795454545484 0.03998579545454546
15 0.39249999999999996 0.385 0.034969512195121955 0.03746951219512196
18 0.9606250000000001 0.9199999999999999 0.018732142857142864 0.022482142857142784
04 0.138125 0.69 0.023737500000000022 0.032487500000000114
