03 0.30375 0.208125 0.027483552631578978 0.06123355263157898
18 0.6793750000000001 0.613125 0.021241610738254812 0.023741610738255092
16 0.825625 0.224375 0.04120689655172416 0.031206896551724123
15 0.936875 0.326875 0.023744444444444346 0.04124444444444447
03 0.32125000000000004 0.5862499999999999 0.06498809523809529 0.03498809523809532
10 0.375 0.26749999999999996 0.019992977528089817 0.019992977528089872
01 0.41000000000000003 0.9125 0.022495098039215733 0.014995098039215726
12 0.278125 0.44062500000000004 0.03120689655172415 0.04620689655172411
04 0.905625 0.623125 0.03372844827586219 0.028728448275862073
01 0.93625 0.609375 0.022386363636363704 0.02113636363636351
20 0.323125 0.7625 0.02123579545454546 0.017485795454545316
06 0.1381326219512195 0.389375 0.03873475609756097 0.06371951219512201
03 0.291875 0.116875 0.04123214285714283 0.018732142857142878
04 0.44 0.94125 0.0324875 0.019987500000000047
