20 0.456875 0.375625 0.0362335526315789 0.0337335526315789
08 0.9 0.649375 0.04499161073825486 0.03374161073825499
04 0.08875 0.724375 0.03995689655172413 0.026206896551724146
19 0.59625 0.9275 0.029994444444444546 0.039994444444444444
03 0.55625 0.32875 0.03248809523809526 0.05248809523809528
20 0.661875 0.24375 0.028742977528089853 0.02249297752808982
03 0.438125 0.42000000000000004 0.04624509803921567 0.054995098039215706
12 0.51125 0.26375 0.04245689655172419 0.042456896551724105
03 0.531875 0.4125 0.03872844827586208 0.027478448275862044
03 0.345 0.49062500000000003 0.06488636363636363 0.02113636363636362
03 0.423125 0.503125 0.06623579545454544 0.04123579545454553
03 0.053125 0.85 0.04621951219512195 0.06246951219512198
14 0.275625 0.930625 0.058732142857142816 0.043732142857142775
