20 0.794375 0.5249999999999999 0.033733552631578845 0.03248355263157887
10 0.59 0.518125 0.027491610738255012 0.02374161073825498
20 0.808125 0.8049999999999999 0.02120689655172414 0.014956896551724053
01 0.24375 0.2425 0.04499444444444439 0.037494444444444386
03 0.59375 0.32625000000000004 0.03998809523809532 0.04498809523809527
03 0.6875 0.6581250000000001 0.019992977528089817 0.07624297752808984
14 0.0675 0.219375 0.02249509803921569 0.041245098039215694
06 0.609375 0.428125 0.016206896551724137 0.041206896551724104
11 0.17375000000000002 0.483125 0.032478448275862076 0.023728448275862013
06 0.71625 0.66125 0.08238636363636365 0.057386363636363624
09 0.366875 0.42562500000000003 0.016235795454545454 0.04123579545454542
14 0.13 0.03875 0.05496951219512193 0.02996951219512195
