06 0.786875 0.6799999999999999 0.01873355263157883 0.04498355263157883
04 0.09937499999999999 0.32375 0.018741610738255046 0.01999161073825506
01 0.52625 0.955625 0.012456896551724217 0.011206896551724133
18 0.6174999999999999 0.13874999999999998 0.012494444444444475 0.014994444444444449
07 0.3 0.22562500000000002 0.009988095238095296 0.026238095238095255
20 0.250625 0.039375 0.021242977528089874 0.021242977528089887
07 0.723126225490196 0.48875 0.03374754901960786 0.024995098039215735
03 0.028749999999999998 0.525 0.02245689655172414 0.049956896551724084
02 0.9475 0.9524999999999999 0.022478448275862206 0.04747844827586223
08 0.13125 0.513125 0.007386363636363635 0.018636363636363673
