03 0.133125 0.41000000000000003 0.04123355263157895 0.03248355263157893
10 0.935 0.67875 0.034991610738254963 0.024991610738254955
03 0.044375000000000005 0.04062500000000001 0.03120689655172414 0.04370689655172415
11 0.40125 0.423125 0.02499444444444454 0.018744444444444508
01 0.15375 0.33187500000000003 0.027488095238095256 0.02373809523809528
13 0.554375 0.913125 0.028742977528089853 0.06874297752808989
13 0.9606250000000001 0.1875 0.028745098039215766 0.03999509803921569
14 0.49687499999999996 0.2125 0.01620689655172408 0.04995689655172414
18 0.028125 0.219375 0.021228448275862073 0.02372844827586204
18 0.354375 0.690625 0.018636363636363562 0.02113636363636373
18 0.531875 0.7375 0.018735795454545512 0.02248579545454532
18 0.464375 0.8006249999999999 0.02121951219512197 0.023719512195122028
