00 0.74125 0.6775 0.027483552631578867 0.02498355263157892
02 0.315 0.6575 0.03749161073825502 0.04999161073825498
03 0.150625 0.8899999999999999 0.02870689655172412 0.022456896551724115
17 0.9575 0.84125 0.029994444444444324 0.02499444444444443
14 0.473125 0.9237500000000001 0.031238095238095287 0.019988095238095194
07 0.3125 0.26437499999999997 0.03749297752808989 0.03374297752808983
14 0.02875 0.920625 0.04249509803921569 0.021245098039215704
06 0.0725 0.63625 0.05495689655172414 0.04245689655172413
03 0.08 0.6912499999999999 0.05497844827586207 0.014978448275862255
08 0.21187499999999998 0.78 0.03363636363636366 0.024886363636363762
04 0.159375 0.4 0.02373579545454549 0.017485795454545483
