03 0.19687500000000002 0.793125 0.021233552631578972 0.0362335526315789
14 0.6693749999999999 0.42437499999999995 0.07374161073825491 0.03874161073825505
03 0.169375 0.174375 0.03620689655172413 0.08120689655172414
09 0.42000000000000004 0.8612500000000001 0.024994444444444486 0.0624944444444443
03 0.51375 0.333125 0.03498809523809526 0.10123809523809524
02 0.5856250000000001 0.16499999999999998 0.06124297752808994 0.04749297752808987
07 0.941875 0.566875 0.028745098039215655 0.056245098039215735
10 0.044375000000000005 0.509375 0.03870689655172414 0.028706896551724148
07 0.3393803879310345 0.11000000000000001 0.028739224137931063 0.10997844827586208
12 0.064375 0.7425 0.04363636363636364 0.06238636363636374
08 0.193125 0.4 0.04373579545454545 0.03998579545454545
15 0.6131249999999999 0.30125 0.03621951219512198 0.034969512195121955
