03 0.14125000000000001 0.496875 0.049983552631578956 0.04873355263157897
08 0.830625 0.22125 0.03374161073825499 0.06499161073825502
05 0.23875000000000002 0.19437500000000002 0.06995689655172413 0.043706896551724134
12 0.54375 0.145 0.06249444444444452 0.10999444444444445
03 0.736875 0.44625000000000004 0.03623809523809507 0.022488095238095307
08 0.24 0.09 0.10249297752808983 0.027492977528089893
01 0.7268749999999999 0.074375 0.06124509803921574 0.056245098039215694
12 0.5249999999999999 0.94625 0.0749568965517241 0.039956896551724186
03 0.1775 0.83125 0.049978448275862064 0.039978448275862166
12 0.593125 0.65875 0.0586363636363636 0.06988636363636369
03 0.425 0.4675 0.047485795454545454 0.06248579545454547
18 0.5018750000000001 0.74375 0.03621951219512198 0.039969512195122014
03 0.8625 0.15875 0.11498214285714281 0.04498214285714283
