20 0.073125 0.676875 0.046233552631578946 0.04873355263157886
19 0.26625 0.185 0.08499161073825506 0.05499161073825504
03 0.8300000000000001 0.4575 0.08495689655172411 0.057456896551724146
03 0.33875 0.955625 0.06499444444444447 0.023744444444444457
07 0.28375 0.8300000000000001 0.04248809523809527 0.14748809523809514
03 0.11 0.349375 0.02999297752808988 0.10874297752808987
20 0.2625 0.8049999999999999 0.05749509803921571 0.03999509803921575
09 0.5225 0.6 0.11495689655172414 0.0699568965517241
03 0.21000000000000002 0.31937499999999996 0.09247844827586207 0.1237284482758621
20 0.40375 0.17625000000000002 0.047386363636363615 0.02738636363636368
06 0.463125 0.573125 0.1337357954545455 0.1512357954545454
01 0.201875 0.263125 0.07871951219512197 0.056219512195122
