03 0.893125 0.6168750000000001 0.018733552631578942 0.018733552631578942
03 0.563125 0.9137500000000001 0.02624161073825504 0.01999161073825484
00 0.24312499999999998 0.753125 0.021206896551724114 0.02120689655172414
03 0.5218750000000001 0.7893749999999999 0.011244444444444501 0.026244444444444404
02 0.18625000000000003 0.2125 0.07498809523809527 0.027488095238095256
15 0.07875 0.53125 0.02749297752808988 0.01749297752808987
06 0.034375 0.6475 0.013745098039215687 0.027495098039215682
03 0.030625 0.525 0.016206896551724137 0.01745689655172411
03 0.845 0.7731250000000001 0.01997844827586226 0.018728448275862175
03 0.78625 0.781875 0.03488636363636366 0.023636363636363678
14 0.70625 0.023125 0.02248579545454532 0.026235795454545456
09 0.121875 0.5843750000000001 0.026219512195121947 0.016219512195121966
04 0.134375 0.146875 0.021232142857142866 0.021232142857142866
20 0.18 0.5956250000000001 0.00998750000000001 0.008737499999999954
