08 0.7831250000000001 0.95875 0.1037335526315789 0.04248355263157899
06 0.87625 0.145625 0.059991610738254875 0.13374161073825502
14 0.775625 0.35250000000000004 0.10370689655172405 0.044956896551724135
03 0.37125 0.50875 0.10249444444444444 0.20249444444444453
01 0.69875 0.094375 0.052488095238095056 0.03873809523809524
03 0.446875 0.076875 0.05374297752808982 0.05124297752808989
10 0.85875 0.540625 0.05499509803921576 0.046245098039215726
05 0.585 0.8625 0.03495689655172407 0.0649568965517241
13 0.040624999999999994 0.926875 0.058728448275862065 0.14372844827586229
09 0.37250000000000005 0.115625 0.0298863636363636 0.06863636363636362
03 0.8843749999999999 0.24375000000000002 0.15623579545454536 0.052485795454545486
06 0.18937500000000002 0.34624999999999995 0.16371951219512196 0.05996951219512198
18 0.311875 0.06 0.036232142857142824 0.03998214285714285
