09 0.49875 0.090625 0.01998355263157886 0.01623355263157894
03 0.965625 0.06625 0.018741610738254866 0.04749161073825503
06 0.845 0.33999999999999997 0.019956896551724168 0.05745689655172409
01 0.815 0.551875 0.014994444444444421 0.016244444444444506
12 0.61 0.44625 0.02248809523809525 0.027488095238095256
08 0.21125 0.010625 0.019992977528089845 0.01874297752808989
08 0.406875 0.5931249999999999 0.031245098039215713 0.021245098039215704
11 0.6487499999999999 0.271875 0.019956896551724168 0.01870689655172414
06 0.7849999999999999 0.8325 0.05747844827586224 0.014978448275862144
03 0.33187500000000003 0.7831250000000001 0.028636363636363626 0.01363636363636378
20 0.316875 0.47624999999999995 0.016235795454545454 0.012485795454545479
03 0.618125 0.77 0.02871951219512192 0.04996951219512202
