03 0.46125 0.374375 0.02498355263157892 0.031233552631578898
05 0.5175000000000001 0.025625 0.027491610738255123 0.04124161073825503
10 0.215625 0.176875 0.02870689655172412 0.031206896551724123
03 0.47375 0.755625 0.02999444444444449 0.04874444444444437
20 0.40125 0.213125 0.029988095238095314 0.018738095238095276
18 0.8625 0.245 0.03499297752808983 0.03749297752808986
03 0.51125 0.668125 0.017495098039215673 0.06874509803921569
20 0.11125 0.896875 0.02745689655172412 0.016206896551724137
06 0.2975 0.6131249999999999 0.07247844827586208 0.043728448275862086
18 0.415625 0.195625 0.028636363636363626 0.031136363636363656
