06 0.086875 0.565625 0.09623355263157893 0.08373355263157889
00 0.6543749999999999 0.5231250000000001 0.031241610738255043 0.02374161073825498
03 0.338125 0.7593749999999999 0.05870689655172412 0.04120689655172416
14 0.809375 0.085625 0.043744444444444364 0.02874444444444446
03 0.7112499999999999 0.17562500000000003 0.08748809523809509 0.08873809523809525
03 0.36624999999999996 0.9125000000000001 0.017492977528089815 0.02499297752808982
03 0.65375 0.51125 0.01999509803921573 0.02999509803921563
09 0.825625 0.024999999999999994 0.036206896551724044 0.03245689655172413
10 0.5375000000000001 0.85625 0.022478448275862095 0.0174784482758622
03 0.2775 0.52 0.04988636363636367 0.027386363636363598
12 0.384375 0.5625 0.07123579545454545 0.054985795454545405
03 0.624375 0.405625 0.04871951219512205 0.03121951219512198
11 0.31375 0.345625 0.03748214285714285 0.03123214285714282
09 0.29374999999999996 0.10250000000000001 0.05998750000000003 0.0449875
