06 0.36312500000000003 0.880625 0.008733552631578878 0.0362335526315789
04 0.62 0.09062500000000001 0.034991610738255075 0.038741610738255036
13 0.893125 0.514375 0.053706896551724115 0.06120689655172412
04 0.800625 0.379375 0.04624444444444431 0.04624444444444448
08 0.8987499999999999 0.5143720238095238 0.05248809523809517 0.033744047619047646
03 0.448125 0.02875 0.021242977528089846 0.03999297752808989
01 0.093125 0.34750000000000003 0.02624509803921568 0.02499509803921568
06 0.495 0.22000000000000003 0.10745689655172413 0.08995689655172415
02 0.08374999999999999 0.705625 0.03747844827586207 0.03872844827586219
03 0.109375 0.058124999999999996 0.08363636363636362 0.03113636363636363
20 0.5800000000000001 0.6556249999999999 0.022485795454545543 0.021235795454545348
08 0.536875 0.8049999999999999 0.043719512195121935 0.05496951219512203
20 0.880625 0.951875 0.03123214285714282 0.026232142857142815
03 0.683125 0.33375 0.04123750000000004 0.034987500000000005
