08 0.201875 0.48250000000000004 0.016233552631578996 0.03748355263157893
04 0.62625 0.83375 0.027491610738255012 0.0274916107382549
11 0.156875 0.71 0.026206896551724118 0.029956896551724177
03 0.2 0.263125 0.03249444444444441 0.061244444444444435
06 0.33125000000000004 0.31625000000000003 0.029988095238095258 0.09748809523809526
10 0.934375 0.505625 0.023742977528089848 0.023742977528089904
03 0.040625 0.94875 0.031245098039215685 0.042495098039215695
08 0.394989224137931 0.490625 0.03497844827586205 0.03370689655172415
05 0.8731249999999999 0.303125 0.03122844827586213 0.028728448275862073
11 0.471875 0.105625 0.023636363636363567 0.023636363636363636
08 0.598125 0.17875000000000002 0.051235795454545485 0.03498579545454547
03 0.50125 0.928125 0.017469512195121994 0.04121951219512199
01 0.30437499999999995 0.795625 0.03373214285714282 0.03373214285714288
01 0.463125 0.7725 0.018737500000000018 0.019987500000000047
