09 0.388125 0.231875 0.04123355263157891 0.03873355263157896
06 0.94375 0.6812499999999999 0.012491610738254888 0.11749161073825498
02 0.984375 0.243125 0.02120689655172403 0.06120689655172412
03 0.18625 0.5375 0.039994444444444444 0.03499444444444455
07 0.41625 0.359375 0.06498809523809523 0.061238095238095314
14 0.16499999999999998 0.15499999999999997 0.052492977528089874 0.032492977528089856
01 0.68125 0.121875 0.024995098039215735 0.018745098039215674
03 0.5425 0.40375 0.04495689655172419 0.04495689655172408
07 0.7381303879310345 0.59375 0.05123922413793114 0.08497844827586198
03 0.859375 0.52 0.061136363636363766 0.047386363636363615
20 0.1925 0.4075 0.02248579545454546 0.024985795454545434
