08 0.114375 0.9612499999999999 0.023733552631578947 0.03498355263157882
03 0.72 0.70875 0.022491610738254897 0.01999161073825495
07 0.7506250000000001 0.35562499999999997 0.02120689655172414 0.0362068965517241
12 0.9437500000000001 0.735 0.029994444444444324 0.03249444444444438
10 0.646875 0.44937499999999997 0.023738095238095225 0.021238095238095223
14 0.09062500000000001 0.661875 0.018742977528089885 0.04124297752808981
08 0.559375 0.9706250000000001 0.011245098039215695 0.02374509803921565
06 0.88625 0.504375 0.014956896551724164 0.0337068965517241
03 0.7949999999999999 0.64625 0.03747844827586222 0.029978448275862157
08 0.1225 0.11375 0.019886363636363633 0.049886363636363645
03 0.530625 0.801875 0.023735795454545405 0.048735795454545316
08 0.6856249999999999 0.47 0.016219512195121966 0.04246951219512202
14 0.67375 0.2975 0.02498214285714284 0.02248214285714284
15 0.39125 0.25625 0.024987499999999996 0.014987500000000015
