03 0.7593749999999999 0.2925 0.05373355263157886 0.05998355263157895
07 0.22125 0.454375 0.027491610738255068 0.19874161073825508
12 0.495625 0.161875 0.05620689655172412 0.05870689655172412
14 0.43625 0.585 0.05499444444444451 0.049994444444444563
03 0.924375 0.1625 0.04373809523809513 0.027488095238095256
09 0.50625 0.48125 0.0624929775280898 0.03499297752808983
18 0.085625 0.77875 0.0337450980392157 0.03999509803921575
03 0.12312500000000001 0.47375 0.06870689655172414 0.01745689655172411
15 0.51125 0.229375 0.05247844827586201 0.021228448275862066
03 0.70375 0.31937499999999996 0.039886363636363775 0.03363636363636363
