03 0.27 0.5331250000000001 0.084983552631579 0.04123355263157891
00 0.4 0.22312500000000002 0.03249161073825507 0.023741610738255065
03 0.29500000000000004 0.16812500000000002 0.024956896551724117 0.03620689655172413
08 0.90125 0.73 0.039994444444444444 0.03249444444444438
11 0.8162499999999999 0.9437500000000001 0.03248809523809515 0.03248809523809515
10 0.341875 0.5625 0.028742977528089853 0.029992977528089826
01 0.285625 0.36624999999999996 0.023745098039215706 0.01749509803921573
14 0.238125 0.118125 0.03870689655172416 0.021206896551724114
03 0.8075 0.71625 0.024978448275862153 0.024978448275862264
13 0.845 0.38875000000000004 0.049886363636363784 0.05488636363636362
07 0.7875 0.48750000000000004 0.05748579545454535 0.052485795454545514
