04 0.855 0.125625 0.03248355263157887 0.023733552631578933
08 0.7675000000000001 0.590625 0.029991610738254848 0.013741610738254972
20 0.315625 0.1975 0.0337068965517241 0.022456896551724143
03 0.39937500000000004 0.58375 0.03374444444444452 0.019994444444444426
15 0.125 0.99125 0.022488095238095238 0.014988095238095078
08 0.110625 0.041874999999999996 0.0187429775280899 0.033742977528089885
18 0.563125 0.6681250000000001 0.018745098039215646 0.021245098039215704
02 0.266875 0.825625 0.01870689655172414 0.023706896551724088
11 0.45625 0.268125 0.029978448275862046 0.036228448275862024
04 0.374375 0.015 0.02113636363636362 0.014886363636363635
12 0.6956249999999999 0.58875 0.031235795454545356 0.03248579545454544
