03 0.833125 0.375 0.033733552631578956 0.06498355263157896
20 0.05 0.26375000000000004 0.019991610738255026 0.01749161073825506
14 0.43625 0.388125 0.027456896551724175 0.02120689655172414
06 0.5418763888888889 0.58125 0.10374722222222227 0.022494444444444484
15 0.06937499999999999 0.660625 0.041238095238095226 0.041238095238095074
04 0.10375 0.693125 0.03749297752808989 0.0312429775280898
02 0.16750122549019608 0.583125 0.02499754901960785 0.038745098039215664
15 0.69375 0.11873922413793103 0.014956896551724164 0.014978448275862075
04 0.371875 0.49812500000000004 0.02372844827586207 0.031228448275862075
13 0.80375 0.791875 0.21738636363636377 0.04613636363636364
00 0.62125 0.426875 0.03248579545454544 0.031235795454545467
00 0.36375 0.41437500000000005 0.03246951219512201 0.028719512195121977
06 0.30625 0.33562499999999995 0.0399821428571428 0.03373214285714282
03 0.8162499999999999 0.455625 0.04498750000000007 0.033737499999999976
