18 0.625625 0.875625 0.016233552631578885 0.01873355263157883
15 0.964375 0.8343750000000001 0.021241610738254924 0.04874161073825489
18 0.851875 0.44937499999999997 0.016206896551724137 0.01870689655172414
06 0.9806250000000001 0.7949999999999999 0.031244444444444297 0.057494444444444404
06 0.965625 0.22625 0.008738095238095211 0.03248809523809526
01 0.27937500000000004 0.686875 0.02624297752808985 0.018742977528089844
04 0.768125 0.50375 0.021245098039215704 0.019995098039215675
03 0.755 0.31 0.02745689655172412 0.01745689655172411
06 0.53 0.815 0.01747844827586209 0.014978448275862255
20 0.738125 0.856875 0.008636363636363775 0.008636363636363664
