06 0.43312088815789473 0.073125 0.016241776315789436 0.10373355263157893
09 0.6387499999999999 0.7324999999999999 0.01999161073825495 0.029991610738254848
15 0.6125 0.536875 0.022456896551724115 0.0237068965517242
08 0.6956249999999999 0.5037486111111111 0.026244444444444404 0.03249722222222223
03 0.065 0.9 0.012488095238095243 0.04998809523809511
08 0.63 0.41375 0.02749297752808988 0.04249297752808989
14 0.32375 0.9075 0.042495098039215695 0.022495098039215677
11 0.744375 0.79375 0.03120689655172404 0.022456896551724115
14 0.9337500000000001 0.561875 0.02747844827586221 0.026228448275862126
03 0.568125 0.40625 0.04113636363636353 0.057386363636363624
