20 0.64125 0.515625 0.022483552631578974 0.016233552631578885
14 0.24875 0.9275 0.03249161073825507 0.04999161073825498
04 0.5225 0.794375 0.05995689655172409 0.04870689655172422
06 0.941875 0.30125 0.01874444444444434 0.04499444444444445
07 0.51625 0.614375 0.029988095238095314 0.07623809523809522
03 0.554375 0.238125 0.028742977528089853 0.06124297752808988
08 0.27937377450980394 0.333125 0.07624754901960787 0.061245098039215684
09 0.504375 0.6975 0.05870689655172412 0.08495689655172411
08 0.70125 0.8287500000000001 0.05247844827586223 0.02747844827586221
18 0.6481250000000001 0.8943749999999999 0.03613636363636363 0.03863636363636369
