18 0.565625 0.518125 0.023733552631578836 0.026233552631579005
08 0.0275 0.6325 0.029991610738255035 0.014991610738255057
02 0.890625 0.6756249999999999 0.04370689655172422 0.043706896551724106
20 0.26875 0.3025 0.019994444444444426 0.014994444444444421
08 0.75875 0.611875 0.012488095238095132 0.01873809523809522
07 0.12749824438202248 0.11312324438202248 0.05999648876404495 0.023746488764044935
07 0.255 0.936875 0.0824950980392157 0.09124509803921566
08 0.7068749999999999 0.62625 0.043706896551724106 0.04745689655172414
15 0.754375 0.78 0.03122844827586224 0.06747844827586225
06 0.491875 0.88625 0.02113636363636362 0.029886363636363766
03 0.45875 0.28 0.05748579545454546 0.032485795454545496
04 0.683125 0.5549999999999999 0.04121951219512199 0.03746951219512196
06 0.5718794642857143 0.29312499999999997 0.08874107142857135 0.07373214285714286
