01 0.92625 0.965625 0.027483552631578867 0.023733552631578836
04 0.566875 0.208125 0.031241610738255043 0.031241610738255043
11 0.605625 0.43062500000000004 0.036206896551724155 0.028706896551724148
06 0.163125 0.58875 0.033744444444444466 0.039994444444444444
03 0.235 0.52125 0.08498809523809525 0.044988095238095216
03 0.5475 0.0875 0.07999297752808987 0.05749297752808989
08 0.226875 0.47625 0.03874509803921569 0.06499509803921566
03 0.49625 0.14625 0.039956896551724186 0.06745689655172413
04 0.22 0.5525 0.029978448275862046 0.03247844827586199
10 0.376875 0.205625 0.03863636363636358 0.02613636363636368
04 0.9393750000000001 0.690625 0.04373579545454531 0.0337357954545453
20 0.8175 0.32999999999999996 0.0349695121951219 0.022469512195122
20 0.47875 0.428125 0.02248214285714284 0.01623214285714286
10 0.68125 0.07250000000000001 0.04248750000000001 0.03748750000000001
