15 0.0725 0.9525 0.019983552631578944 0.027483552631578867
14 0.7462500000000001 0.8843749999999999 0.03999161073825486 0.04874161073825489
03 0.44 0.8125 0.05495689655172409 0.032456896551724235
04 0.578125 0.12437500000000001 0.043744444444444586 0.028744444444444475
18 0.935 0.24125 0.027488095238095034 0.029988095238095258
20 0.2825 0.76875 0.044992977528089895 0.039992977528089835
06 0.89625 0.5025 0.007495098039215664 0.10999509803921564
13 0.501875 0.684375 0.04620689655172411 0.08370689655172414
20 0.014375000000000002 0.7506250000000001 0.023728448275862072 0.01622844827586223
07 0.06375 0.7725 0.07488636363636364 0.03488636363636377
03 0.32 0.141875 0.037485795454545445 0.053735795454545474
03 0.9493750000000001 0.09562500000000002 0.07621951219512202 0.15121951219512197
