06 0.59375 0.023120888157894738 0.03248355263157898 0.046241776315789476
15 0.838125 0.745625 0.06624161073825485 0.038741610738254884
14 0.5775 0.856875 0.03745689655172413 0.07370689655172413
20 0.42374999999999996 0.375625 0.0399944444444445 0.026244444444444515
20 0.715625 0.69375 0.04373809523809513 0.0399880952380951
20 0.258125 0.20625 0.04624297752808981 0.03499297752808986
03 0.94875 0.620625 0.034995098039215744 0.10124509803921566
16 0.893125 0.690625 0.05620689655172406 0.08620689655172409
00 0.4275 0.12375 0.062478448275862075 0.05997844827586207
03 0.21250000000000002 0.36312500000000003 0.06738636363636366 0.0611363636363636
09 0.290625 0.604375 0.04373579545454548 0.05873579545454555
