06 0.165 0.18125000000000002 0.039983552631578934 0.05998355263157898
12 0.840625 0.893125 0.05124161073825484 0.06874161073825491
14 0.168125 0.124375 0.05120689655172411 0.033706896551724125
15 0.906875 0.15187499999999998 0.026244444444444293 0.021244444444444427
20 0.91625 0.42625 0.012488095238095132 0.00998809523809524
20 0.124375 0.3675 0.031242977528089882 0.022492977528089875
06 0.33499999999999996 0.7793749999999999 0.02499509803921568 0.09624509803921566
02 0.041875 0.753125 0.028706896551724138 0.04120689655172416
03 0.8500000000000001 0.7168749999999999 0.03747844827586222 0.008728448275862166
08 0.26249999999999996 0.856875 0.027386363636363653 0.026136363636363735
13 0.5175 0.2025 0.049985795454545456 0.04498579545454548
