03 0.9456249999999999 0.5825 0.018733552631578942 0.017483552631578858
04 0.34562499999999996 0.97 0.02874161073825504 0.022491610738254897
03 0.675 0.103125 0.02745689655172412 0.03620689655172413
01 0.26937500000000003 0.345 0.013744444444444393 0.01249444444444453
03 0.47562499999999996 0.79 0.02373809523809528 0.04748809523809516
03 0.74875 0.893125 0.03499297752808983 0.016242977528089786
03 0.948125 0.61875 0.008745098039215637 0.017495098039215673
13 0.72125 0.8131250000000001 0.08245689655172417 0.053706896551724115
10 0.96875 0.575 0.01997844827586226 0.014978448275862033
03 0.74875 0.5025 0.0748863636363637 0.054886363636363567
03 0.861875 0.565 0.03873579545454542 0.03998579545454539
03 0.14687499999999998 0.830625 0.013719512195121936 0.02121951219512208
03 0.5874999999999999 0.8356250000000001 0.07248214285714283 0.026232142857142926
