06 0.38 0.49375 0.01248355263157891 0.02498355263157892
02 0.345 0.58125 0.072491610738255 0.0599916107382551
20 0.38249999999999995 0.215625 0.024956896551724117 0.021206896551724114
13 0.34625 0.136875 0.07499444444444447 0.11124444444444444
14 0.311875 0.943125 0.02373809523809528 0.041238095238095074
03 0.0925 0.81375 0.02999297752808988 0.022492977528089875
03 0.690625 0.8162499999999999 0.038745098039215775 0.03499509803921563
02 0.4925 0.188125 0.019956896551724168 0.021206896551724114
03 0.913125 0.885 0.018728448275862175 0.032478448275862215
03 0.1175 0.81625 0.024886363636363637 0.019886363636363757
07 0.869375 0.5375000000000001 0.041235795454545254 0.037485795454545445
20 0.47562499999999996 0.55125 0.03371951219512198 0.03496951219512201
11 0.17812499999999998 0.16249999999999998 0.026232142857142843 0.02498214285714287
