10 0.28125 0.7931250000000001 0.03498355263157893 0.031233552631578898
18 0.20625 0.10375000000000001 0.019991610738255033 0.02249161073825505
06 0.941239224137931 0.116875 0.024978448275862153 0.048706896551724124
07 0.84125 0.33687500000000004 0.04249444444444428 0.04124444444444447
03 0.9043749999999999 0.476875 0.06373809523809515 0.026238095238095283
12 0.75875 0.955625 0.0524929775280899 0.028742977528089853
20 0.5974999999999999 0.63125 0.022495098039215677 0.024995098039215735
03 0.353125 0.5125 0.013706896551724135 0.04745689655172408
03 0.66875 0.775 0.032478448275862215 0.042478448275862224
01 0.84 0.4075 0.022386363636363704 0.014886363636363587
