14 0.423125 0.0475 0.01623355263157894 0.02748355263157895
17 0.39437500000000003 0.6637500000000001 0.023741610738255037 0.024991610738254955
11 0.168125 0.25375000000000003 0.01870689655172414 0.014956896551724108
02 0.1225 0.74 0.02249444444444447 0.029994444444444435
04 0.5862499999999999 0.983125 0.022488095238095362 0.021238095238095167
06 0.58875 0.06374824438202248 0.06749297752808991 0.007496488764044948
09 0.5543750000000001 0.91625 0.013745098039215642 0.01999509803921562
10 0.6425000000000001 0.755625 0.014956896551724053 0.011206896551724133
20 0.7250000000000001 0.9325 0.007478448275862193 0.007478448275862304
01 0.65 0.6174999999999999 0.009886363636363749 0.012386363636363584
14 0.013125000000000001 0.026250000000000002 0.018735795454545456 0.019985795454545457
