09 0.253125 0.49124999999999996 0.02873355263157895 0.04498355263157888
15 0.9456249999999999 0.88375 0.013741610738254972 0.024991610738254955
06 0.69125 0.445 0.05995689655172409 0.08245689655172417
01 0.145625 0.07187500000000001 0.03874444444444444 0.04124444444444445
06 0.6000000000000001 0.4025 0.017488095238095247 0.04248809523809527
03 0.04875 0.52625 0.027492977528089886 0.024992977528089932
03 0.72 0.255 0.034995098039215744 0.027495098039215682
14 0.10375 0.9025 0.034956896551724126 0.04745689655172414
15 0.5425 0.46625 0.012478448275862086 0.022478448275862095
09 0.3075 0.78125 0.03488636363636366 0.05488636363636368
