12 0.47562499999999996 0.08875 0.038733552631578905 0.039983552631578934
11 0.255 0.8843749999999999 0.03749161073825505 0.028741610738254875
18 0.643125 0.64375 0.026206896551724035 0.02745689655172412
10 0.586875 0.341875 0.03124444444444452 0.03124444444444452
03 0.35375 0.455625 0.047488095238095274 0.05373809523809525
20 0.19125 0.225 0.012492977528089866 0.012492977528089866
03 0.48124999999999996 0.398125 0.029995098039215684 0.04124509803921572
20 0.77625 0.913125 0.024956896551724173 0.018706896551724195
13 0.9456249999999999 0.9381250000000001 0.0487284482758622 0.03872844827586219
05 0.734375 0.44125000000000003 0.018636363636363784 0.04988636363636362
14 0.565625 0.200625 0.026235795454545463 0.04623579545454548
20 0.755 0.49187499999999995 0.03246951219512195 0.021219512195121915
03 0.870625 0.763125 0.03123214285714282 0.026232142857142926
04 0.118125 0.513125 0.0312375 0.018737499999999963
