03 0.54375 0.6912458881578947 0.09248355263157892 0.10499177631578938
12 0.5625 0.1575 0.08749161073825507 0.08249161073825506
13 0.16625 0.2 0.10495689655172413 0.07995689655172414
03 0.14687499999999998 0.24 0.07624444444444443 0.1099944444444444
03 0.888125 0.254375 0.04623809523809508 0.05123809523809525
19 0.808125 0.8474999999999999 0.06624297752808983 0.032492977528089884
03 0.688125 0.54625 0.06874509803921569 0.06499509803921577
04 0.44375 0.675 0.04995689655172414 0.057456896551724146
08 0.034375 0.251875 0.043728448275862065 0.041228448275862056
06 0.9256249999999999 0.77625 0.11863636363636376 0.15988636363636366
07 0.32125 0.516875 0.16998579545454548 0.02123579545454546
