03 0.9325 0.208125 0.02498355263157892 0.06623355263157898
12 0.5818749999999999 0.044375 0.031241610738255043 0.036241610738255034
20 0.03 0.498125 0.012456896551724134 0.01370689655172408
06 0.365 0.7106250000000001 0.027494444444444488 0.02874444444444435
09 0.255 0.7793749999999999 0.03998809523809524 0.021238095238095167
04 0.7775000000000001 0.7175 0.032492977528089884 0.03499297752808983
05 0.159375 0.555625 0.018745098039215674 0.046245098039215726
03 0.94875 0.38 0.014956896551724164 0.02745689655172412
20 0.489375 0.29000000000000004 0.03122844827586202 0.027478448275862044
12 0.2925 0.108125 0.03738636363636366 0.04363636363636364
