06 0.565 0.88375 0.047483552631578996 0.06998355263157896
03 0.45687500000000003 0.903125 0.03874161073825505 0.038741610738254884
03 0.61625 0.28125 0.03495689655172407 0.024956896551724173
03 0.2025 0.97125 0.012494444444444447 0.047494444444444395
03 0.80625 0.454375 0.019988095238095083 0.028738095238095285
06 0.94 0.97 0.07749297752808981 0.02499297752808982
10 0.481875 0.08 0.018745098039215646 0.0174950980392157
03 0.735 0.394375 0.06495689655172421 0.011206896551724133
20 0.10125 0.3175 0.017478448275862077 0.019978448275862037
06 0.8218749999999999 0.78375 0.07863636363636373 0.019886363636363646
18 0.095 0.21375 0.014985795454545467 0.017485795454545483
09 0.174375 0.5862499999999999 0.016219512195121966 0.03496951219512201
