19 0.136875 0.49875 0.021233552631578945 0.01998355263157886
09 0.380625 0.941875 0.01624161073825503 0.03624161073825494
06 0.33688577586206897 0.671875 0.0587284482758621 0.01370689655172419
03 0.3025 0.046875 0.014994444444444421 0.06624444444444444
01 0.351875 0.890625 0.021238095238095278 0.021238095238095056
03 0.474375 0.12687500000000002 0.03374297752808986 0.04124297752808989
18 0.9 0.39625 0.017495098039215673 0.019995098039215675
03 0.786875 0.903125 0.03120689655172404 0.016206896551724137
01 0.9825 0.6912499999999999 0.012478448275862197 0.014978448275862255
14 0.903125 0.0275 0.02363636363636379 0.03238636363636364
11 0.379375 0.395 0.028735795454545465 0.027485795454545492
00 0.505625 0.6575 0.03121951219512198 0.03246951219512195
14 0.114375 0.024999999999999998 0.03373214285714288 0.04248214285714285
05 0.53625 0.0475 0.0324875 0.017487499999999996
