02 0.17625 0.5318750000000001 0.02998355263157898 0.051233552631578916
07 0.425625 0.09000000000000001 0.03624161073825505 0.10499161073825505
15 0.348125 0.4275 0.028706896551724148 0.01745689655172411
03 0.806875 0.3175 0.013744444444444337 0.04749444444444445
03 0.75375 0.643125 0.017488095238095136 0.04373809523809524
07 0.19437675561797751 0.304375 0.03624648876404493 0.04624297752808981
07 0.359375 0.9525 0.04124509803921572 0.02999509803921563
20 0.19187500000000002 0.08562499999999999 0.026206896551724118 0.01870689655172414
07 0.653125 0.8374946120689656 0.04122844827586214 0.05498922413793106
04 0.711875 0.156875 0.0336363636363638 0.03363636363636366
15 0.328125 0.7575000000000001 0.033735795454545414 0.012485795454545312
19 0.6737500000000001 0.47625 0.022469512195122054 0.04496951219512202
20 0.18937500000000002 0.39625 0.018732142857142836 0.019982142857142837
