03 0.275 0.9537500000000001 0.03998355263157899 0.019983552631578916
18 0.641875 0.973125 0.021241610738254924 0.02374161073825487
12 0.940625 0.48812500000000003 0.043706896551724106 0.041206896551724104
13 0.208125 0.671875 0.0962444444444445 0.058744444444444266
00 0.5375 0.165 0.03248809523809526 0.027488095238095256
09 0.385 0.2025 0.04249297752808984 0.032492977528089856
03 0.25250122549019605 0.514375 0.02249754901960782 0.028745098039215655
08 0.208125 0.9025000000000001 0.023706896551724144 0.032456896551724124
13 0.905625 0.8775 0.0437284482758622 0.06247844827586213
13 0.1275 0.6956249999999999 0.04738636363636363 0.09113636363636368
04 0.13874999999999998 0.5743750000000001 0.027485795454545464 0.02873579545454541
00 0.443125 0.0875 0.026219512195121975 0.017469512195121953
