03 0.17375 0.384375 0.01998355263157897 0.05873355263157892
03 0.573125 0.951875 0.02624161073825504 0.02374161073825487
03 0.356875 0.490625 0.02120689655172414 0.04620689655172411
20 0.299375 0.8 0.02874444444444446 0.022494444444444373
17 0.5800000000000001 0.785625 0.029988095238095203 0.03873809523809513
04 0.26875 0.139375 0.029992977528089826 0.028742977528089908
14 0.815625 0.16999999999999998 0.028745098039215766 0.029995098039215712
12 0.353125 0.6487499999999999 0.05620689655172412 0.039956896551724186
10 0.904375 0.52625 0.03372844827586219 0.022478448275861984
08 0.481875 0.49250000000000005 0.051136363636363646 0.0298863636363636
03 0.24312499999999998 0.419375 0.02123579545454543 0.04373579545454542
