11 0.641875 0.77 0.031233552631578898 0.03248355263157887
03 0.48875 0.215625 0.027491610738255068 0.053741610738255036
04 0.5625 0.5275 0.024956896551724173 0.02745689655172412
15 0.7737499999999999 0.8899999999999999 0.02499444444444443 0.017494444444444368
20 0.09937499999999999 0.16999999999999998 0.011238095238095228 0.009988095238095268
07 0.7462500000000001 0.188125 0.07499297752808987 0.028742977528089853
12 0.68875 0.056875 0.04499509803921564 0.04374509803921568
08 0.08187499999999999 0.44 0.016206896551724137 0.04745689655172414
02 0.36812500000000004 0.59625 0.04372844827586203 0.0849784482758621
07 0.401875 0.6925 0.043636363636363584 0.01738636363636381
