14 0.845625 0.31125 0.06873355263157888 0.052483552631578945
16 0.7581249999999999 0.609375 0.038741610738254884 0.06874161073825491
18 0.19187500000000002 0.685 0.031206896551724123 0.032456896551724124
00 0.338125 0.06875 0.026244444444444515 0.029994444444444456
03 0.59875 0.24812499999999998 0.054988095238095225 0.04873809523809525
05 0.461875 0.7262500000000001 0.03874297752808986 0.03749297752808978
03 0.66625 0.7093750000000001 0.01999509803921562 0.05374509803921568
06 0.443125 0.693114224137931 0.10370689655172416 0.09372844827586202
03 0.08687500000000001 0.20500000000000002 0.026228448275862057 0.06497844827586205
18 0.8831249999999999 0.028749999999999998 0.026136363636363735 0.029886363636363638
15 0.186875 0.365625 0.01373579545454548 0.038735795454545474
08 0.710625 0.14 0.02121951219512197 0.047469512195121966
11 0.115625 0.35250000000000004 0.03873214285714288 0.0399821428571428
