15 0.395625 0.2175 0.05373355263157886 0.03248355263157898
15 0.170625 0.34125 0.01624161073825503 0.03999161073825508
14 0.185 0.30500000000000005 0.03995689655172413 0.02995689655172412
08 0.6968749999999999 0.446875 0.01874444444444434 0.03624444444444447
06 0.845 0.30625 0.014988095238095078 0.029988095238095258
07 0.924375 0.84875 0.08124297752808995 0.04249297752808978
03 0.979375 0.161875 0.013745098039215753 0.018745098039215674
04 0.921875 0.161875 0.03120689655172404 0.026206896551724118
18 0.801875 0.2175 0.02372844827586218 0.027478448275862044
01 0.02375 0.973125 0.017386363636363634 0.013636363636363669
11 0.30874999999999997 0.718125 0.02998579545454544 0.023735795454545405
03 0.186875 0.254375 0.03871951219512196 0.023719512195121972
00 0.469375 0.410625 0.026232142857142815 0.01873214285714281
03 0.251875 0.901875 0.03123750000000003 0.03873749999999998
