03 0.188125 0.260625 0.06623355263157896 0.06373355263157898
03 0.771875 0.08687500000000001 0.06624161073825485 0.06874161073825504
06 0.12125 0.8356250000000001 0.03745689655172413 0.043706896551724106
06 0.34687500000000004 0.231875 0.17624444444444448 0.06624444444444444
18 0.185 0.5431250000000001 0.05498809523809525 0.05623809523809531
03 0.39749999999999996 0.6937500000000001 0.09249297752808988 0.07499297752808987
07 0.6012500000000001 0.74875 0.05499509803921565 0.049995098039215646
09 0.129375 0.26375 0.06870689655172411 0.08745689655172414
14 0.271875 0.943125 0.031228448275862075 0.0437284482758622
04 0.7875000000000001 0.6856249999999999 0.04488636363636378 0.0486363636363637
03 0.528125 0.586875 0.03873579545454542 0.07873579545454545
03 0.320625 0.57875 0.03121951219512198 0.039969512195122014
