10 0.9450000000000001 0.65375 0.03248355263157887 0.027483552631578978
13 0.744375 0.595 0.06874161073825491 0.069991610738255
03 0.7987500000000001 0.095625 0.032456896551724124 0.026206896551724118
04 0.9 0.818125 0.03499444444444433 0.0362444444444443
01 0.0975 0.504375 0.019988095238095235 0.016238095238095218
20 0.9775 0.7825 0.019992977528089817 0.01749297752808987
08 0.11812500000000001 0.0875 0.056245098039215694 0.01999509803921569
04 0.6675 0.436875 0.029956896551724066 0.03120689655172415
03 0.885 0.7675000000000001 0.03497844827586216 0.03497844827586227
03 0.1825 0.8625 0.042386363636363666 0.08488636363636382
