06 0.203125 0.875 0.016233552631578996 0.029983552631578814
11 0.401875 0.46875 0.023741610738255037 0.017491610738255003
18 0.060625 0.56375 0.013706896551724156 0.014956896551724164
14 0.588125 0.91625 0.02124444444444451 0.027494444444444266
11 0.8674999999999999 0.43 0.02248809523809514 0.017488095238095247
14 0.688125 0.9025000000000001 0.016242977528089897 0.03499297752808983
06 0.356875 0.9043749999999999 0.08624509803921565 0.04124509803921572
03 0.44437499999999996 0.105 0.04370689655172416 0.012456896551724134
14 0.2 0.576875 0.022478448275862067 0.036228448275862024
05 0.493125 0.47562499999999996 0.033636363636363575 0.021136363636363564
08 0.05687855113636364 0.023125 0.02624289772727273 0.031235795454545454
18 0.170625 0.698125 0.013719512195121963 0.016219512195122077
20 0.271875 0.7637499999999999 0.01623214285714286 0.019982142857142837
