19 0.663125 0.416875 0.013733552631578938 0.018733552631578942
04 0.968125 0.5393749999999999 0.028741610738254986 0.031241610738255043
04 0.833125 0.676875 0.03370689655172421 0.02120689655172403
07 0.4925 0.79125 0.05499444444444446 0.02499444444444432
03 0.7731250000000001 0.563125 0.01623809523809505 0.033738095238095234
13 0.11687499999999998 0.13624999999999998 0.13624297752808986 0.07249297752808986
10 0.369375 0.78375 0.013745098039215697 0.012495098039215669
04 0.301875 0.541875 0.028706896551724093 0.028706896551724093
03 0.35562499999999997 0.10250000000000001 0.016228448275862062 0.03247844827586206
08 0.09812499999999999 0.2975 0.026136363636363638 0.019886363636363646
03 0.031875 0.045 0.016235795454545458 0.03498579545454546
01 0.9137500000000001 0.27375 0.03246951219512206 0.024969512195122
19 0.27437500000000004 0.270625 0.01623214285714286 0.0437321428571428
