06 0.188125 0.20937088815789473 0.02873355263157898 0.02374177631578947
20 0.95125 0.0825 0.022491610738254897 0.01749161073825503
03 0.0425 0.280625 0.042456896551724146 0.05120689655172411
03 0.24 0.1025 0.029994444444444435 0.029994444444444462
19 0.8262499999999999 0.443125 0.019988095238095194 0.05373809523809525
18 0.654375 0.45687500000000003 0.028742977528089853 0.031242977528089855
13 0.586875 0.15187499999999998 0.05874509803921568 0.0512450980392157
14 0.4925 0.6625 0.02495689655172406 0.057456896551724146
01 0.47625 0.719375 0.029978448275862046 0.02372844827586218
04 0.308125 0.823125 0.04613636363636364 0.033636363636363686
10 0.7275 0.5406249999999999 0.024985795454545268 0.026235795454545463
01 0.080625 0.204375 0.05871951219512195 0.04371951219512199
