06 0.5425 0.9450000000000001 0.05498355263157895 0.07498355263157885
20 0.954375 0.469375 0.028741610738254875 0.021241610738255035
02 0.3725 0.70875 0.04495689655172408 0.08245689655172406
09 0.704375 0.946875 0.033744444444444355 0.0212444444444444
03 0.57125 0.82375 0.04498809523809533 0.02248809523809514
12 0.693125 0.698125 0.061242977528089826 0.046242977528089924
19 0.030625 0.3975 0.031245098039215685 0.042495098039215695
07 0.891875 0.32437499999999997 0.018706896551724084 0.08870689655172409
14 0.041874999999999996 0.813125 0.026228448275862067 0.06122844827586227
10 0.32562499999999994 0.938125 0.03363636363636363 0.018636363636363784
