08 0.329375 0.474375 0.013733552631578883 0.05623355263157892
03 0.19187500000000002 0.178125 0.05124161073825503 0.033741610738255046
20 0.468125 0.155 0.03120689655172415 0.022456896551724115
10 0.6593749999999999 0.333125 0.03874444444444447 0.03624444444444447
03 0.903125 0.609375 0.04623809523809508 0.05373809523809525
01 0.95875 0.90375 0.019992977528089817 0.014992977528089813
03 0.505 0.859375 0.03999509803921569 0.056245098039215735
03 0.9293750000000001 0.356875 0.043706896551724106 0.02120689655172414
03 0.10062499999999999 0.053125 0.03122844827586206 0.033728448275862064
04 0.464375 0.345 0.03613636363636358 0.0298863636363636
20 0.139375 0.49624999999999997 0.026235795454545463 0.01998579545454543
03 0.16812500000000002 0.8918673780487805 0.04121951219512196 0.06873475609756097
03 0.5825 0.064375 0.04498214285714286 0.02623214285714285
