10 0.873125 0.108125 0.016233552631578885 0.018733552631578942
13 0.183125 0.47375 0.03624161073825505 0.022491610738255008
10 0.416875 0.3225 0.018706896551724084 0.014956896551724164
03 0.320625 0.5075000000000001 0.023744444444444457 0.014994444444444421
03 0.44562500000000005 0.371875 0.008738095238095267 0.03623809523809529
16 0.8225 0.58375 0.022492977528089764 0.04499297752808984
03 0.22875 0.414375 0.04499509803921567 0.028745098039215655
04 0.49250000000000005 0.335625 0.027456896551724175 0.02120689655172414
06 0.24 0.33749461206896547 0.09747844827586205 0.027489224137931034
00 0.090625 0.98625 0.03113636363636363 0.019886363636363757
20 0.67625 0.264375 0.012485795454545312 0.011235795454545505
11 0.7831250000000001 0.671875 0.026219512195121975 0.026219512195122086
20 0.13124999999999998 0.42000000000000004 0.01498214285714286 0.01248214285714283
03 0.33125000000000004 0.168125 0.03998750000000001 0.03123750000000003
