20 0.83125 0.08437499999999999 0.01748355263157897 0.018733552631578942
03 0.165625 0.71875 0.018741610738255032 0.032491610738254906
03 0.595 0.13624999999999998 0.01745689655172411 0.017456896551724138
03 0.92875 0.41125 0.03249444444444438 0.02499444444444454
03 0.18437202380952383 0.90875 0.013744047619047656 0.012488095238095132
13 0.736875 0.74875 0.04124297752808992 0.03749297752808989
10 0.7025 0.7725 0.014995098039215726 0.014995098039215726
03 0.43125 0.030625 0.009956896551724104 0.016206896551724137
11 0.638125 0.71625 0.021228448275862122 0.01997844827586215
00 0.598125 0.165 0.018636363636363562 0.019886363636363646
06 0.36125 0.72 0.05248579545454546 0.007485795454545308
00 0.3 0.604375 0.014969512195121992 0.013719512195121908
00 0.408125 0.45 0.026232142857142815 0.014982142857142833
