20 0.063125 0.29874999999999996 0.02123355263157895 0.014983552631578967
12 0.975 0.9125 0.024991610738254844 0.03999161073825497
01 0.43625 0.8943749999999999 0.027456896551724175 0.023706896551724088
05 0.25375 0.07625000000000001 0.019994444444444398 0.03499444444444445
03 0.7124999999999999 0.14625 0.03248809523809515 0.03248809523809523
01 0.7306250000000001 0.065 0.023742977528089848 0.017492977528089884
07 0.340625 0.916875 0.04124509803921572 0.018745098039215646
14 0.41625 0.735 0.022456896551724115 0.029956896551724066
03 0.1875 0.6875 0.027478448275862044 0.0274784482758621
06 0.503125 0.41874999999999996 0.04113636363636358 0.014886363636363587
10 0.5325 0.600625 0.01498579545454548 0.016235795454545454
20 0.186875 0.631875 0.013719512195121991 0.013719512195122019
11 0.42937499999999995 0.6100000000000001 0.03373214285714282 0.029982142857142846
08 0.52625 0.104375 0.014987499999999931 0.02623750000000001
