03 0.77125 0.036250000000000004 0.022483552631578974 0.012483552631578954
04 0.048125 0.365 0.018741610738255032 0.022491610738255063
03 0.809375 0.86 0.016206896551724137 0.02745689655172412
02 0.681875 0.39249999999999996 0.013744444444444337 0.024994444444444486
20 0.194375 0.04625 0.018738095238095276 0.019988095238095235
05 0.59375 0.37 0.009992977528089808 0.02749297752808988
03 0.299375 0.955625 0.018745098039215646 0.04374509803921567
09 0.36124999999999996 0.8 0.024956896551724117 0.022456896551724115
20 0.38625 0.77125 0.017478448275862035 0.014978448275862144
10 0.628125 0.466875 0.011136363636363611 0.011136363636363611
18 0.40375 0.48750000000000004 0.01498579545454548 0.017485795454545483
