11 0.27875 0.6499999999999999 0.022483552631578974 0.019983552631578916
03 0.093125 0.150625 0.01874161073825506 0.013741610738255056
03 0.9518857758620689 0.711875 0.021228448275862122 0.028706896551724093
01 0.14875 0.5925 0.027494444444444432 0.027494444444444488
03 0.735 0.915 0.027488095238095145 0.024988095238095087
01 0.49375 0.18125 0.02249297752808982 0.014992977528089868
04 0.6312500000000001 0.79 0.01999509803921573 0.014995098039215726
03 0.139375 0.2575 0.00870689655172413 0.022456896551724115
03 0.5818749999999999 0.784375 0.016228448275862006 0.026228448275862237
06 0.06375 0.88375 0.05238636363636363 0.019886363636363757
08 0.765 0.878125 0.01498579545454537 0.016235795454545343
11 0.076875 0.33125000000000004 0.021219512195121942 0.017469512195121994
06 0.703125 0.465625 0.026232142857142815 0.016232142857142806
18 0.8674999999999999 0.416875 0.00748749999999998 0.011237500000000011
