00 0.626875 0.44999999999999996 0.016233552631578885 0.01248355263157891
10 0.26749999999999996 0.396875 0.022491610738255063 0.018741610738255032
14 0.051250000000000004 0.76125 0.02995689655172415 0.019956896551724057
05 0.5075 0.78625 0.024994444444444486 0.02499444444444432
08 0.713125 0.17312500000000003 0.021238095238095056 0.03373809523809526
04 0.9275 0.4325 0.024992977528089932 0.01749297752808987
00 0.8356250000000001 0.540625 0.018745098039215757 0.0162450980392157
08 0.416875 0.44 0.02120689655172414 0.024956896551724173
03 0.35875 0.38875 0.019978448275862037 0.024978448275862042
20 0.091875 0.6481250000000001 0.013636363636363641 0.011136363636363833
06 0.46562499999999996 0.39 0.008735795454545447 0.07998579545454548
11 0.629375 0.77 0.02121951219512197 0.027469512195121948
