03 0.4 0.590625 0.01998355263157886 0.04123355263157891
05 0.348125 0.10375000000000001 0.04124161073825505 0.05499161073825504
11 0.359375 0.62375 0.04120689655172416 0.02745689655172412
02 0.4075 0.261875 0.034994444444444495 0.051244444444444454
12 0.26187499999999997 0.558125 0.08373809523809525 0.05373809523809525
14 0.895 0.72125 0.04249297752808978 0.039992977528089946
08 0.22312500000000002 0.574375 0.031245098039215685 0.028745098039215655
12 0.42 0.161875 0.04245689655172413 0.07870689655172412
01 0.4225 0.35125 0.024978448275862042 0.0274784482758621
13 0.91 0.625 0.08238636363636376 0.10988636363636373
05 0.6893750000000001 0.499375 0.04373579545454531 0.041235795454545476
18 0.23625000000000002 0.310625 0.027469512195121976 0.03121951219512198
