12 0.9525 0.241875 0.05998355263157884 0.053733552631578974
06 0.923125 0.865625 0.011241610738254915 0.09624161073825488
08 0.300625 0.29 0.06870689655172413 0.022456896551724115
20 0.31125 0.434375 0.02499444444444443 0.02124444444444451
18 0.660625 0.85625 0.02623809523809517 0.027488095238095145
03 0.0725 0.739375 0.04499297752808989 0.0312429775280898
04 0.46875 0.22312500000000002 0.03999509803921564 0.02624509803921568
03 0.6056250000000001 0.075 0.023706896551724088 0.037456896551724135
18 0.210625 0.161875 0.021228448275862066 0.02372844827586207
03 0.139375 0.37625 0.016136363636363615 0.024886363636363595
