14 0.6725 0.50875 0.03498355263157893 0.03248355263157887
12 0.836875 0.9075 0.0537416107382549 0.03749161073825491
07 0.9718857758620689 0.66625 0.021228448275862122 0.04245689655172413
03 0.486875 0.33499999999999996 0.033744444444444466 0.017494444444444535
03 0.353125 0.181875 0.02373809523809528 0.013738095238095271
14 0.951875 0.4175 0.023742977528089848 0.04749297752808984
11 0.8206249999999999 0.649375 0.03374509803921566 0.02374509803921565
03 0.628125 0.895625 0.03120689655172415 0.053706896551724226
12 0.87625 0.956875 0.032478448275862215 0.06372844827586222
08 0.15625 0.698125 0.02488636363636365 0.04863636363636381
06 0.8475 0.2 0.007485795454545308 0.024985795454545462
