03 0.8300000000000001 0.24625 0.027483552631578978 0.034983552631578985
04 0.25 0.9356249999999999 0.02749161073825504 0.02374161073825498
13 0.22 0.715625 0.02745689655172412 0.05870689655172412
03 0.375625 0.72875 0.028744444444444517 0.017494444444444368
03 0.298125 0.070625 0.028738095238095285 0.03373809523809523
00 0.7806249999999999 0.44375 0.023742977528089848 0.017492977528089815
15 0.885625 0.060625 0.04124509803921561 0.02624509803921568
18 0.63625 0.5725 0.014956896551724164 0.01745689655172411
03 0.3275 0.5075 0.04247844827586206 0.027478448275862044
13 0.16625 0.08875 0.039886363636363664 0.11988636363636362
20 0.97375 0.16062500000000002 0.02498579545454538 0.016235795454545482
13 0.334375 0.070625 0.05121951219512194 0.03371951219512194
12 0.39249999999999996 0.565625 0.04248214285714286 0.04123214285714283
06 0.9075 0.476875 0.01748749999999999 0.033737499999999976
