03 0.6499999999999999 0.04125000000000001 0.039983552631578934 0.03498355263157896
07 0.730625 0.26437499999999997 0.031241610738254932 0.05624161073825504
07 0.9293750000000001 0.468125 0.028706896551724204 0.028706896551724148
06 0.131875 0.21625 0.07374444444444445 0.06249444444444441
06 0.399375 0.32875 0.06373809523809526 0.04248809523809527
08 0.6468750000000001 0.801875 0.01374297752808984 0.018742977528089844
02 0.8049999999999999 0.718125 0.012495098039215669 0.0162450980392157
02 0.79625 0.23812499999999998 0.024956896551724173 0.026206896551724118
08 0.553125 0.506875 0.03872844827586208 0.02622844827586207
04 0.641875 0.63 0.02113636363636362 0.01738636363636359
