10 0.28812499999999996 0.981875 0.023733552631579002 0.023733552631578836
18 0.589375 0.2225 0.021241610738255035 0.024991610738255066
20 0.7831250000000001 0.57875 0.01370689655172408 0.009956896551724048
00 0.301875 0.8725 0.026244444444444404 0.02499444444444443
18 0.21687499999999998 0.014374999999999999 0.018738095238095248 0.021238095238095236
08 0.6525000000000001 0.8024982443820224 0.02499297752808982 0.049996488764044944
04 0.0475 0.624375 0.024995098039215687 0.02624509803921571
15 0.61 0.4 0.014956896551724164 0.02245689655172417
08 0.475 0.8118749999999999 0.027478448275862044 0.028728448275862184
08 0.27375 0.78 0.019886363636363646 0.049886363636363784
