18 0.940625 0.260625 0.013733552631578827 0.016233552631578996
03 0.753125 0.073125 0.02374161073825498 0.04124161073825504
03 0.661875 0.90625 0.03120689655172404 0.019956896551724057
13 0.48125 0.46875 0.05249444444444451 0.03499444444444455
10 0.584375 0.973125 0.021238095238095278 0.021238095238095056
05 0.33125000000000004 0.385 0.019992977528089872 0.02749297752808988
03 0.49124999999999996 0.53375 0.037495098039215635 0.032495098039215686
03 0.828125 0.3375 0.01370689655172419 0.06995689655172416
13 0.685 0.650625 0.05247844827586212 0.03872844827586208
09 0.333125 0.605 0.028636363636363626 0.01738636363636359
20 0.9081250000000001 0.35625 0.013735795454545285 0.01498579545454548
