03 0.8725 0.266875 0.04998355263157894 0.03623355263157896
02 0.6475 0.969375 0.04749161073825503 0.03374161073825488
19 0.06625 0.799375 0.05495689655172413 0.028706896551724204
04 0.6993750000000001 0.598125 0.041244444444444306 0.04874444444444448
03 0.7731250000000001 0.4375 0.01873809523809522 0.02248809523809525
10 0.685 0.9225 0.032492977528089884 0.03749297752808989
15 0.891875 0.7675 0.056245098039215735 0.05749509803921571
06 0.6956249999999999 0.51875 0.1437068965517242 0.02745689655172412
20 0.59625 0.360625 0.039978448275862166 0.03372844827586202
20 0.7987500000000001 0.7281249999999999 0.024886363636363762 0.016136363636363726
08 0.09625 0.8975 0.05498579545454546 0.024985795454545268
20 0.6212500000000001 0.655 0.047469512195121966 0.04996951219512202
04 0.37812500000000004 0.5943750000000001 0.05373214285714284 0.03123214285714282
