14 0.818125 0.46249999999999997 0.1037335526315789 0.09498355263157887
03 0.23 0.211875 0.04249161073825508 0.08624161073825504
03 0.40375 0.830625 0.06745689655172415 0.03870689655172421
14 0.725625 0.7125 0.0887444444444444 0.1149944444444444
04 0.59625 0.22562500000000002 0.06748809523809529 0.04373809523809527
03 0.761875 0.8531249999999999 0.1312429775280899 0.1362429775280899
20 0.601875 0.8206249999999999 0.05874509803921568 0.05374509803921568
00 0.4975 0.080625 0.0749568965517241 0.05620689655172413
07 0.08 0.405625 0.07997844827586206 0.06872844827586205
03 0.175625 0.935 0.11863636363636365 0.05988636363636368
13 0.7625 0.836875 0.07998579545454532 0.3012357954545454
