10 0.446875 0.776875 0.026233552631578894 0.01873355263157883
18 0.50875 0.6525 0.01999161073825506 0.022491610738254897
01 0.499375 0.598125 0.021206896551724086 0.02120689655172414
11 0.919375 0.514375 0.031244444444444297 0.02124444444444451
02 0.67625 0.78375 0.04248809523809516 0.04248809523809516
03 0.6993750000000001 0.6643749999999999 0.04624297752808981 0.1512429775280898
10 0.813125 0.10625 0.028745098039215655 0.029995098039215684
04 0.47562499999999996 0.870625 0.031206896551724095 0.0337068965517241
11 0.54 0.315 0.03497844827586205 0.022478448275862095
07 0.385625 0.88 0.09113636363636357 0.01738636363636381
11 0.21625 0.44875 0.03248579545454547 0.017485795454545483
13 0.536875 0.21499999999999997 0.07871951219512202 0.08246951219512197
