03 0.511875 0.2025 0.026233552631578894 0.02748355263157895
08 0.546875 0.7725 0.02624161073825504 0.03749161073825491
06 0.049375 0.81125 0.09620689655172414 0.032456896551724124
07 0.72875 0.65625 0.04499444444444434 0.019994444444444426
03 0.089375 0.385625 0.03873809523809524 0.013738095238095271
07 0.19375 0.41375 0.04249297752808984 0.02749297752808988
11 0.776875 0.6468750000000001 0.031245098039215713 0.021245098039215704
20 0.638125 0.978125 0.018706896551724195 0.018706896551724084
04 0.1525 0.323125 0.027478448275862044 0.02622844827586207
03 0.39875 0.1975 0.027386363636363598 0.07488636363636367
03 0.5125 0.175 0.037485795454545445 0.04498579545454548
15 0.51 0.8362499999999999 0.04246951219512196 0.012469512195122046
18 0.78 0.51875 0.01748214285714278 0.019982142857142837
