03 0.79625 0.32187499999999997 0.017483552631578858 0.033733552631578956
03 0.595 0.771875 0.027491610738255012 0.021241610738254924
06 0.39375 0.686875 0.032456896551724124 0.05870689655172412
03 0.944375 0.57 0.016244444444444395 0.027494444444444488
14 0.815625 0.55375 0.008738095238095211 0.02498809523809531
06 0.29374999999999996 0.328125 0.05749297752808985 0.008742977528089835
08 0.59375 0.974375 0.0324950980392158 0.018745098039215646
06 0.51375 0.3875 0.01745689655172411 0.01745689655172411
20 0.694375 0.849375 0.01622844827586223 0.016228448275862117
13 0.12125 0.4575 0.019886363636363633 0.024886363636363595
00 0.395 0.803125 0.019985795454545485 0.01873579545454529
14 0.5306249999999999 0.788125 0.016219512195121966 0.03621951219512198
17 0.446875 0.6425000000000001 0.01873214285714281 0.019982142857142837
