14 0.94875 0.610625 0.04248355263157888 0.061233552631578925
07 0.910625 0.7737499999999999 0.03374161073825488 0.0274916107382549
16 0.663125 0.786875 0.04120689655172416 0.05120689655172406
08 0.185 0.528125 0.042494444444444446 0.03624444444444441
20 0.6875 0.234375 0.024988095238095198 0.018738095238095276
08 0.355 0.51375 0.04749297752808984 0.0499929775280899
03 0.419375 0.686875 0.06124509803921574 0.028745098039215655
03 0.44 0.67625 0.01745689655172411 0.049956896551724084
03 0.57125 0.846875 0.012478448275862086 0.0437284482758622
03 0.48250000000000004 0.5956250000000001 0.01988636363636359 0.013636363636363558
09 0.241875 0.5725 0.041235795454545476 0.08248579545454549
