03 0.850625 0.83125 0.023733552631578836 0.039983552631578934
17 0.955625 0.611875 0.028741610738254875 0.028741610738255097
03 0.43999999999999995 0.290625 0.034956896551724126 0.02620689655172409
15 0.55125 0.86875 0.02499444444444454 0.022494444444444373
01 0.276875 0.421875 0.018738095238095276 0.021238095238095278
01 0.486875 0.36812500000000004 0.03124297752808991 0.02624297752808985
09 0.63 0.48875 0.01999509803921562 0.04499509803921575
06 0.56625 0.27875 0.01745689655172411 0.08745689655172414
09 0.614375 0.5974999999999999 0.03122844827586202 0.03497844827586205
14 0.61 0.90875 0.03488636363636366 0.019886363636363646
