03 0.369375 0.475 0.038733552631578905 0.014983552631578911
03 0.18562499999999998 0.630625 0.021241610738255062 0.031241610738254932
08 0.424375 0.800625 0.043706896551724106 0.016206896551724137
03 0.92625 0.888125 0.029994444444444324 0.023744444444444457
10 0.98 0.041249999999999995 0.02248809523809514 0.02248809523809523
18 0.9143749999999999 0.301875 0.0212429775280899 0.023742977528089848
08 0.535625 0.400625 0.04874509803921567 0.028745098039215655
04 0.7875 0.663125 0.029956896551724066 0.018706896551724195
02 0.9337500000000001 0.92875 0.049978448275862175 0.02747844827586221
03 0.06247159090909091 0.5974999999999999 0.007443181818181821 0.03488636363636355
20 0.891875 0.9468749999999999 0.031235795454545356 0.031235795454545356
