04 0.686875 0.7106250000000001 0.023733552631578947 0.023733552631578836
18 0.495625 0.596875 0.018741610738254977 0.021241610738255035
07 0.10250000000000001 0.179375 0.04245689655172412 0.016206896551724137
03 0.7962499999999999 0.769375 0.04999444444444434 0.0212444444444444
02 0.188125 0.375 0.026238095238095255 0.027488095238095256
03 0.74625 0.20375 0.019992977528089817 0.03499297752808986
03 0.9137500000000001 0.22749999999999998 0.032495098039215686 0.022495098039215705
07 0.34624999999999995 0.2425 0.034956896551724126 0.009956896551724131
08 0.4475 0.5718749999999999 0.01747844827586209 0.043728448275862086
03 0.32625 0.45125 0.01738636363636359 0.04238636363636361
09 0.784375 0.165625 0.0337357954545453 0.02373579545454546
10 0.6975 0.393125 0.029969512195122006 0.026219512195121975
10 0.099375 0.8625 0.02373214285714287 0.02498214285714284
