18 0.473125 0.676875 0.013733552631578883 0.016233552631578885
18 0.6499999999999999 0.575 0.014991610738254946 0.017491610738255114
11 0.366875 0.9625 0.02120689655172414 0.014956896551724164
13 0.664375 0.405 0.043744444444444364 0.042494444444444446
06 0.695 0.559375 0.017488095238095136 0.016238095238095274
04 0.823125 0.846875 0.02124297752808979 0.023742977528089848
01 0.31 0.32875 0.022495098039215677 0.019995098039215675
13 0.52375 0.3625 0.06995689655172416 0.0649568965517241
10 0.651875 0.653125 0.021228448275862233 0.018728448275862175
09 0.5 0.74875 0.01738636363636359 0.024886363636363762
07 0.198125 0.780625 0.031235795454545467 0.031235795454545245
02 0.48250000000000004 0.195625 0.027469512195122003 0.03621951219512198
02 0.2625 0.109375 0.039982142857142855 0.028732142857142873
00 0.035625 0.70875 0.021237500000000003 0.022487499999999994
