03 0.803125 0.768125 0.033733552631578956 0.0462335526315788
18 0.73125 0.8225 0.017491610738254892 0.01999161073825495
12 0.371875 0.41874999999999996 0.036206896551724155 0.044956896551724135
13 0.72875 0.363125 0.04249444444444439 0.0737444444444445
03 0.1325 0.53625 0.02998809523809523 0.024988095238095198
10 0.5425 0.37812500000000004 0.02749297752808988 0.02624297752808985
10 0.429375 0.37124999999999997 0.01375000000000004 0.012495098039215724
05 0.8243750000000001 0.9768749999999999 0.01370689655172408 0.036206896551724044
08 0.82125 0.6468750000000001 0.01997844827586215 0.026228448275862237
00 0.16312500000000002 0.50125 0.031136363636363656 0.029886363636363544
12 0.7125 0.40375 0.037485795454545334 0.04248579545454545
