13 0.33124999999999993 0.7675000000000001 0.042483552631578936 0.01748355263157897
01 0.6975 0.21 0.012491610738254888 0.012491610738255055
10 0.075625 0.1375 0.02120689655172414 0.014956896551724136
06 0.618125 0.298125 0.04874444444444437 0.05124444444444448
18 0.49874999999999997 0.5375 0.017488095238095247 0.019988095238095305
14 0.75375 0.609375 0.01749297752808987 0.026242977528089906
03 0.685625 0.519375 0.05874509803921568 0.018745098039215646
18 0.813125 0.43875 0.01370689655172419 0.017456896551724166
20 0.688125 0.7581249999999999 0.011228448275862224 0.011228448275862113
08 0.391875 0.328125 0.021136363636363564 0.028636363636363626
09 0.10625 0.815625 0.02248579545454546 0.0187357954545454
