06 0.41125 0.954375 0.03498355263157893 0.023733552631578947
07 0.08 0.65625 0.024991610738255038 0.03999161073825497
00 0.37187499999999996 0.7025 0.01870689655172414 0.014956896551724164
12 0.8175 0.534375 0.029994444444444435 0.026244444444444515
00 0.31125 0.12625 0.01998809523809525 0.012488095238095243
03 0.58 0.34562499999999996 0.039992977528089835 0.03624297752808986
03 0.59625 0.32375 0.03749509803921569 0.012495098039215724
06 0.9043749999999999 0.24874999999999997 0.028706896551724204 0.05745689655172412
04 0.595625 0.050625 0.018728448275862064 0.013728448275862067
11 0.6056250000000001 0.8525 0.02113636363636362 0.019886363636363757
19 0.77625 0.9375 0.02498579545454538 0.02498579545454538
04 0.73 0.44125000000000003 0.022469512195121943 0.024969512195121946
02 0.108125 0.175625 0.03373214285714288 0.023732142857142813
05 0.940625 0.60875 0.013737500000000069 0.029987500000000056
