20 0.480625 0.301875 0.0362335526315789 0.026233552631579005
20 0.575625 0.7637499999999999 0.018741610738255088 0.017491610738254892
03 0.13624999999999998 0.3725 0.054956896551724116 0.03745689655172413
03 0.765625 0.16499999999999998 0.0212444444444444 0.05499444444444443
03 0.65625 0.085 0.027488095238095145 0.03248809523809523
15 0.19 0.55125 0.04749297752808984 0.03749297752808989
13 0.93875 0.900625 0.10749509803921564 0.038745098039215664
03 0.9137500000000001 0.29875 0.04245689655172413 0.03745689655172413
03 0.438125 0.68875 0.02372844827586207 0.03497844827586216
08 0.94125 0.34562499999999996 0.012386363636363695 0.056136363636363595
