11 0.6012500000000001 0.65375 0.027483552631578978 0.03248355263157887
15 0.655 0.724375 0.01999161073825495 0.03374161073825488
19 0.2025 0.05437500000000001 0.02995689655172415 0.04370689655172414
03 0.756875 0.8674999999999999 0.021244444444444288 0.02499444444444443
08 0.121875 0.32999999999999996 0.05873809523809523 0.014988095238095245
12 0.129375 0.15062499999999998 0.06374297752808987 0.06624297752808987
03 0.884375 0.38187499999999996 0.028745098039215655 0.026245098039215653
03 0.21875 0.055625 0.014956896551724108 0.03870689655172414
02 0.4075 0.301875 0.029978448275862102 0.018728448275862064
18 0.981875 0.954375 0.026136363636363735 0.028636363636363793
00 0.4625 0.16375 0.032485795454545496 0.029985795454545466
13 0.2375 0.506875 0.057469512195121975 0.03371951219512204
