13 0.698125 0.618125 0.06623355263157893 0.04123355263157891
04 0.468125 0.8487499999999999 0.021241610738255035 0.0274916107382549
04 0.365 0.51 0.024956896551724117 0.02245689655172406
15 0.20375 0.380625 0.012494444444444447 0.026244444444444515
15 0.768125 0.51875 0.011238095238095158 0.04498809523809527
11 0.32062500000000005 0.901875 0.021242977528089846 0.026242977528089906
04 0.840625 0.9568749999999999 0.018745098039215757 0.02374509803921565
03 0.365 0.7518750000000001 0.024956896551724117 0.018706896551724195
18 0.411875 0.321875 0.01372844827586206 0.016228448275862062
03 0.17875000000000002 0.179375 0.017386363636363672 0.04613636363636364
03 0.213125 0.8825000000000001 0.031235795454545467 0.014985795454545259
