05 0.184375 0.14250000000000002 0.036233552631578986 0.03498355263157896
13 0.47125 0.725625 0.04749161073825503 0.06624161073825496
11 0.830625 0.974375 0.03870689655172421 0.036206896551724155
20 0.639375 0.22062500000000002 0.01874444444444434 0.021244444444444427
02 0.306875 0.318125 0.028738095238095285 0.04373809523809524
18 0.180625 0.6799999999999999 0.023742977528089848 0.027492977528089768
20 0.55125 0.24312499999999998 0.02999509803921563 0.021245098039215676
20 0.775625 0.069375 0.018706896551724084 0.018706896551724146
04 0.9025 0.33875 0.03497844827586216 0.032478448275862104
04 0.35125 0.49875 0.0323863636363636 0.03238636363636355
03 0.95875 0.6268750000000001 0.03498579545454539 0.0187357954545454
12 0.6325000000000001 0.84875 0.029969512195121895 0.03246951219512195
01 0.9025000000000001 0.184375 0.019982142857142837 0.016232142857142834
