04 0.249375 0.441875 0.04373355263157899 0.0362335526315789
10 0.8625 0.30937499999999996 0.032491610738254906 0.033741610738255046
08 0.451875 0.7949999999999999 0.06120689655172412 0.022456896551724115
00 0.389375 0.028124999999999997 0.04124444444444447 0.026244444444444442
11 0.4675 0.045 0.04748809523809522 0.03748809523809524
03 0.436875 0.359375 0.053742977528089875 0.026242977528089906
10 0.369375 0.84125 0.031245098039215713 0.02999509803921574
19 0.32437499999999997 0.234375 0.048706896551724166 0.033706896551724125
01 0.5843750000000001 0.281875 0.036228448275862024 0.03622844827586208
20 0.21375 0.6112500000000001 0.03488636363636366 0.0323863636363636
01 0.8725 0.73 0.044985795454545285 0.029985795454545272
