01 0.626875 0.830625 0.0362335526315789 0.023733552631578836
18 0.184375 0.85375 0.021241610738255062 0.024991610738254844
03 0.505 0.18375000000000002 0.052456896551724086 0.06745689655172413
10 0.8275 0.14375 0.022494444444444373 0.024994444444444458
06 0.05312499999999999 0.573125 0.07623809523809523 0.03623809523809518
03 0.310625 0.15562499999999999 0.018742977528089844 0.041242977528089864
13 0.555625 0.1875 0.056245098039215624 0.05999509803921571
03 0.61875 0.685 0.04495689655172419 0.019956896551724168
12 0.5925 0.4175 0.03497844827586205 0.07247844827586208
08 0.4175 0.9793750000000001 0.012386363636363584 0.026136363636363735
04 0.6425 0.47125 0.03248579545454544 0.03248579545454544
11 0.4475 0.75125 0.03496951219512201 0.024969512195122
20 0.290625 0.901875 0.023732142857142813 0.026232142857142815
