05 0.82375 0.395 0.04498355263157894 0.04498355263157888
15 0.46187500000000004 0.30625 0.03874161073825505 0.09749161073825502
09 0.251875 0.170625 0.033706896551724125 0.043706896551724106
20 0.08937500000000001 0.87875 0.05374444444444444 0.04499444444444434
00 0.3075 0.836875 0.047488095238095274 0.03373809523809512
00 0.466875 0.55375 0.053742977528089875 0.04249297752808989
15 0.838125 0.594375 0.05124509803921562 0.03374509803921577
06 0.1325 0.249375 0.13495689655172413 0.023706896551724116
01 0.7375 0.290625 0.032478448275862215 0.02622844827586207
10 0.094375 0.8043750000000001 0.03363636363636363 0.02363636363636379
04 0.959375 0.24312499999999998 0.048735795454545316 0.05123579545454546
15 0.8512500000000001 0.52875 0.057469512195121975 0.03246951219512206
04 0.43562500000000004 0.65875 0.048732142857142835 0.039982142857142855
03 0.18312499999999998 0.30062500000000003 0.0287375 0.058737500000000054
