20 0.745 0.613125 0.014983552631578911 0.016233552631578885
03 0.975625 0.9143749999999999 0.028741610738254875 0.046241610738254946
18 0.836875 0.053125000000000006 0.026206896551724146 0.028706896551724148
08 0.7068763888888889 0.20500000000000002 0.046247222222222106 0.07499444444444445
03 0.370625 0.28375 0.03373809523809529 0.11248809523809525
20 0.09125 0.8674999999999999 0.034992977528089886 0.027492977528089768
07 0.3368762254901961 0.15500000000000003 0.036247549019607805 0.12999509803921572
14 0.32437499999999997 0.5349999999999999 0.05370689655172417 0.0649568965517241
20 0.0875 0.27875 0.03247844827586206 0.0274784482758621
04 0.49 0.231875 0.03988636363636355 0.03613636363636369
19 0.37 0.72125 0.0349857954545455 0.03998579545454539
