20 0.41312499999999996 0.44062500000000004 0.028733552631578896 0.028733552631578896
03 0.12875 0.200625 0.027491610738255068 0.08624161073825504
20 0.76875 0.5081249999999999 0.029956896551724177 0.03120689655172415
14 0.1475 0.54 0.029994444444444435 0.0374944444444445
06 0.318125 0.616875 0.033738095238095234 0.08373809523809528
08 0.30000000000000004 0.630625 0.009992977528089864 0.023742977528089848
12 0.4325 0.164375 0.032495098039215686 0.03374509803921569
10 0.273125 0.371875 0.026206896551724146 0.02120689655172414
20 0.095625 0.7093750000000001 0.02372844827586207 0.018728448275862175
20 0.948125 0.91625 0.02113636363636373 0.01738636363636381
12 0.344375 0.75 0.04623579545454548 0.044985795454545396
04 0.516875 0.554375 0.028719512195122032 0.02121951219512197
03 0.229375 0.6637500000000001 0.08873214285714282 0.022482142857142784
03 0.77875 0.23875000000000002 0.07248749999999993 0.03248750000000003
