13 0.3075 0.515 0.08748355263157892 0.08748355263157892
20 0.524375 0.6456249999999999 0.061241610738255015 0.05374161073825501
13 0.6168750000000001 0.619375 0.11620689655172411 0.053706896551724115
20 0.443125 0.52 0.056244444444444486 0.039994444444444444
13 0.778125 0.6018749999999999 0.07123809523809521 0.10873809523809519
12 0.8049999999999999 0.5193749999999999 0.08999297752808977 0.0987429775280898
15 0.13062377450980392 0.7206250000000001 0.10374754901960785 0.07624509803921564
03 0.681875 0.888125 0.08870689655172415 0.09370689655172415
07 0.8825000000000001 0.14625 0.09997844827586222 0.03497844827586208
06 0.47875 0.17122159090909092 0.19988636363636353 0.044943181818181854
03 0.8731249999999999 0.941875 0.05623579545454527 0.04373579545454531
06 0.79375 0.544375 0.10746951219512202 0.15621951219512203
