10 0.5743750000000001 0.76875 0.018733552631578942 0.014983552631578911
03 0.54375 0.953125 0.042491610738255026 0.026241610738254817
03 0.49624999999999997 0.620625 0.01745689655172411 0.018706896551724084
14 0.895 0.910625 0.017494444444444368 0.0362444444444443
01 0.073125 0.6568750000000001 0.02623809523809524 0.023738095238095114
05 0.21500000000000002 0.931875 0.02499297752808985 0.023742977528089848
10 0.3775 0.25812500000000005 0.017495098039215673 0.013745098039215697
01 0.141875 0.076875 0.016206896551724137 0.016206896551724137
03 0.540625 0.9212499999999999 0.026228448275862126 0.0174784482758622
11 0.46375 0.035625000000000004 0.01988636363636359 0.013636363636363634
15 0.515 0.085 0.01748579545454554 0.019985795454545457
