14 0.545625 0.840625 0.04623355263157891 0.05873355263157898
03 0.28125 0.501875 0.06749161073825505 0.06374161073825507
06 0.10062499999999999 0.9724999999999999 0.046206896551724136 0.029956896551724177
03 0.89625 0.5375000000000001 0.017494444444444368 0.03249444444444449
12 0.57125 0.051875000000000004 0.06498809523809523 0.06373809523809523
12 0.5725 0.286875 0.057492977528089906 0.061242977528089826
08 0.325 0.19187500000000002 0.052495098039215704 0.03624509803921569
02 0.38749999999999996 0.8431249999999999 0.04995689655172414 0.043706896551724106
07 0.54125 0.535 0.08247844827586204 0.0924784482758621
03 0.6556250000000001 0.141875 0.07113636363636366 0.048636363636363644
10 0.713125 0.45625 0.048735795454545316 0.037485795454545445
