18 0.9075 0.29625 0.014983552631578911 0.01748355263157897
05 0.29625 0.18125000000000002 0.01999161073825506 0.029991610738255042
08 0.87375 0.139375 0.01745689655172411 0.02120689655172414
11 0.06 0.716875 0.02499444444444445 0.023744444444444346
14 0.6593720238095238 0.803125 0.026244047619047528 0.031238095238095065
15 0.645625 0.548125 0.0312429775280898 0.023742977528089848
06 0.47062499999999996 0.923125 0.0762450980392157 0.06874509803921569
01 0.7075 0.780625 0.029956896551724066 0.026206896551724146
04 0.585 0.08 0.022478448275862095 0.017478448275862063
03 0.95625 0.24812499999999998 0.05488636363636379 0.018636363636363645
18 0.794375 0.6318750000000001 0.016235795454545232 0.018735795454545512
11 0.103125 0.7925 0.03621951219512194 0.029969512195122006
