14 0.575 0.76625 0.022483552631578863 0.014983552631578911
11 0.13374999999999998 0.838125 0.022491610738255036 0.018741610738254977
03 0.114375 0.84375 0.013706896551724121 0.019956896551724057
10 0.70625 0.50875 0.02499444444444443 0.01999444444444448
03 0.544375 0.701875 0.021238095238095167 0.023738095238095114
10 0.479375 0.531875 0.021242977528089846 0.018742977528089844
03 0.05 0.674375 0.03499509803921569 0.03374509803921566
03 0.42562500000000003 0.3675 0.041206896551724104 0.032456896551724124
15 0.205625 0.9025000000000001 0.006228448275862053 0.024978448275862264
03 0.949346590909091 0.0475 0.036193181818181874 0.03238636363636363
04 0.11125 0.5487500000000001 0.024985795454545462 0.01498579545454548
