12 0.445625 0.365 0.04123355263157891 0.03248355263157887
14 0.18375 0.16749999999999998 0.01749161073825506 0.02749161073825504
01 0.93875 0.72125 0.01745689655172411 0.01745689655172422
09 0.7875 0.125 0.022494444444444373 0.012494444444444475
06 0.81125 0.95375 0.014988095238095078 0.009988095238095074
03 0.311875 0.41812499999999997 0.01624297752808984 0.01624297752808984
02 0.16875 0.724375 0.009995098039215694 0.031245098039215602
08 0.365625 0.433125 0.011206896551724133 0.00870689655172413
06 0.22875 0.451875 0.06497844827586208 0.041228448275862084
03 0.7605965909090909 0.8362499999999999 0.02119318181818186 0.0173863636363637
03 0.854375 0.25875 0.008735795454545281 0.019985795454545457
14 0.45687500000000003 0.64625 0.021219512195122026 0.022469512195121943
06 0.10625000000000001 0.4925 0.012482142857142872 0.05998214285714287
