00 0.16250000000000003 0.961875 0.03498355263157896 0.031233552631578898
04 0.055625 0.639375 0.036241610738255034 0.03624161073825494
03 0.414375 0.56 0.04870689655172411 0.049956896551724195
14 0.6031249999999999 0.051875000000000004 0.043744444444444475 0.033744444444444445
13 0.520625 0.36312500000000003 0.1662380952380953 0.1012380952380953
12 0.7268749999999999 0.8075000000000001 0.04624297752808981 0.05499297752808985
14 0.09125 0.173125 0.0699950980392157 0.051245098039215675
10 0.12 0.22999999999999998 0.02995689655172412 0.024956896551724145
06 0.39437500000000003 0.555625 0.10622844827586203 0.068728448275862
08 0.300625 0.33625 0.05613636363636365 0.03488636363636366
