03 0.475625 0.021875000000000002 0.061233552631578925 0.03373355263157895
03 0.519375 0.74125 0.023741610738255092 0.06749161073825494
03 0.875625 0.7925 0.05120689655172406 0.07745689655172416
10 0.6 0.8975 0.039994444444444444 0.037494444444444386
03 0.195 0.1725 0.07748809523809524 0.04248809523809524
03 0.30625 0.28937500000000005 0.03749297752808983 0.07874297752808984
03 0.09625 0.8887499999999999 0.06499509803921567 0.059995098039215766
02 0.5925 0.21937500000000001 0.049956896551724084 0.07120689655172413
14 0.18625 0.298125 0.027478448275862044 0.06372844827586205
03 0.27937500000000004 0.44999999999999996 0.04113636363636369 0.0873863636363636
16 0.7262500000000001 0.46125000000000005 0.05998579545454541 0.059985795454545465
01 0.5475 0.114375 0.022469512195121943 0.02371951219512193
18 0.42500000000000004 0.489375 0.03248214285714285 0.03373214285714288
02 0.9475 0.5549999999999999 0.04248750000000001 0.029987499999999945
