03 0.11125 0.919375 0.014983552631578939 0.018733552631578942
08 0.11875000000000001 0.890625 0.04000000000000001 0.04124161073825494
04 0.18937500000000002 0.743125 0.026206896551724118 0.026206896551724146
03 0.7975 0.7518750000000001 0.08749444444444432 0.04624444444444442
11 0.52 0.31562500000000004 0.029988095238095314 0.028738095238095285
19 0.49687499999999996 0.7275 0.018742977528089788 0.02499297752808982
09 0.31375 0.5643750000000001 0.03499509803921569 0.02374509803921565
07 0.41937500000000005 0.41811422413793103 0.06620689655172413 0.04622844827586203
11 0.615625 0.171875 0.026228448275862126 0.018728448275862064
20 0.845 0.738125 0.0173863636363637 0.018636363636363784
03 0.7987500000000001 0.8200000000000001 0.034985795454545277 0.054985795454545294
