20 0.519375 0.905625 0.023733552631578947 0.01873355263157883
13 0.22999999999999998 0.49 0.062491610738255016 0.04999161073825498
03 0.474375 0.038125000000000006 0.026206896551724146 0.033706896551724146
14 0.7625 0.745625 0.029994444444444324 0.07374444444444439
06 0.615625 0.215 0.08873809523809517 0.03498809523809526
04 0.15625 0.959375 0.03749297752808986 0.028742977528089853
01 0.899375 0.37312500000000004 0.021245098039215704 0.018745098039215702
03 0.13876077586206897 0.81 0.03747844827586207 0.039956896551724186
18 0.41500000000000004 0.490625 0.02247844827586204 0.023728448275862124
09 0.2525 0.745 0.05488636363636368 0.05238636363636373
14 0.818125 0.806875 0.01873579545454529 0.08123579545454529
04 0.92 0.056874999999999995 0.03246951219512195 0.02621951219512194
