07 0.13874999999999998 0.23125 0.024983552631578948 0.012483552631578992
12 0.09062500000000001 0.734375 0.028741610738255027 0.031241610738254932
20 0.44375 0.56875 0.017456896551724166 0.014956896551724164
15 0.84125 0.796875 0.04999444444444434 0.0212444444444444
08 0.9750000000000001 0.7831250000000001 0.024988095238095087 0.01623809523809505
14 0.27125 0.221875 0.012492977528089866 0.023742977528089848
01 0.81125 0.075 0.012495098039215669 0.009995098039215694
03 0.65375 0.218739224137931 0.022456896551724115 0.017478448275862063
03 0.31125 0.563125 0.014978448275862088 0.03122844827586202
13 0.361875 0.301875 0.03113636363636363 0.04613636363636364
10 0.7925 0.5775 0.017485795454545316 0.012485795454545423
04 0.47875 0.019375 0.022469512195121943 0.026219512195121954
20 0.400625 0.49875 0.011232142857142802 0.012482142857142886
