01 0.45625 0.330625 0.014983552631578911 0.016233552631578885
08 0.5787500000000001 0.494375 0.01999161073825506 0.02124161073825498
03 0.35562499999999997 0.270625 0.023706896551724144 0.056206896551724145
10 0.38375 0.58125 0.027494444444444488 0.027494444444444488
18 0.360625 0.483125 0.018738095238095276 0.021238095238095223
08 0.110625 0.8125 0.026242977528089878 0.01749297752808987
04 0.34750000000000003 0.576875 0.027495098039215737 0.021245098039215704
08 0.80875 0.048125 0.024956896551724173 0.03870689655172414
06 0.6243750000000001 0.63375 0.07372844827586211 0.009978448275862029
08 0.724375 0.374375 0.018636363636363784 0.031136363636363573
08 0.843125 0.3375 0.016235795454545343 0.032485795454545496
06 0.79125 0.291875 0.03746951219512207 0.05371951219512194
04 0.681875 0.8775 0.026232142857142815 0.01748214285714289
05 0.2475 0.848746875 0.022487499999999994 0.04249375
