14 0.88 0.5025000000000001 0.03998355263157882 0.03748355263157893
01 0.463125 0.609375 0.01624161073825503 0.013741610738255083
03 0.596875 0.6725 0.023706896551724088 0.019956896551724057
03 0.5300013888888888 0.235 0.02249722222222228 0.03499444444444441
05 0.70875 0.91875 0.03498809523809521 0.02248809523809514
20 0.9212499999999999 0.7025 0.022492977528089875 0.024992977528089932
08 0.609375 0.124375 0.03374509803921577 0.02374509803921568
06 0.440625 0.72875 0.011206896551724133 0.10245689655172407
03 0.58375 0.963125 0.05497844827586207 0.026228448275862126
03 0.38875 0.615625 0.06488636363636358 0.02863636363636357
09 0.3875 0.974375 0.029985795454545494 0.031235795454545245
03 0.8125 0.90375 0.014969512195121881 0.07246951219512188
03 0.736875 0.4675 0.02123214285714281 0.024982142857142786
14 0.909375 0.4825 0.043737500000000096 0.047487500000000016
