06 0.589375 0.74 0.026233552631578894 0.03998355263157882
01 0.04875 0.544375 0.014991610738255029 0.011241610738255026
14 0.076875 0.6025 0.04370689655172414 0.022456896551724115
03 0.5900000000000001 0.96375 0.019994444444444537 0.012494444444444364
02 0.6493749999999999 0.14625 0.02623809523809517 0.03248809523809523
03 0.303125 0.065 0.04624297752808987 0.03249297752808989
14 0.7225 0.7625 0.06749509803921572 0.03749509803921569
18 0.455 0.42000000000000004 0.022456896551724115 0.024956896551724117
03 0.79375 0.20937499999999998 0.042478448275862224 0.04872844827586206
08 0.73125 0.30937499999999996 0.024886363636363762 0.03363636363636363
02 0.083125 0.09437500000000001 0.03373579545454547 0.031235795454545454
