14 0.815625 0.166875 0.016233552631578885 0.01873355263157897
04 0.14937499999999998 0.56375 0.016241610738255058 0.014991610738255057
20 0.231875 0.818125 0.016206896551724137 0.01370689655172419
08 0.735625 0.015625 0.041244444444444306 0.023744444444444443
04 0.52625 0.544375 0.027488095238095367 0.026238095238095283
07 0.09187500000000001 0.5337482443820225 0.05624297752808989 0.06999648876404485
13 0.0875 0.635 0.04999509803921569 0.07499509803921578
20 0.6499999999999999 0.395625 0.012456896551724106 0.011206896551724133
00 0.525625 0.841875 0.02372844827586207 0.02372844827586218
07 0.29625 0.426875 0.019886363636363646 0.02863636363636357
08 0.850625 0.41500000000000004 0.023735795454545294 0.027485795454545492
04 0.2 0.63625 0.024969512195121973 0.022469512195121943
