19 0.40937500000000004 0.62375 0.018733552631578887 0.03498355263157893
08 0.655 0.188125 0.017491610738254892 0.05124161073825503
20 0.31062500000000004 0.32499999999999996 0.023706896551724144 0.024956896551724117
06 0.27375 0.4575 0.02499444444444443 0.01249444444444453
03 0.063125 0.495 0.026238095238095234 0.019988095238095305
08 0.975 0.784375 0.0474929775280899 0.023742977528089848
12 0.124375 0.174375 0.02624509803921568 0.07124509803921569
08 0.03875000000000001 0.713125 0.029956896551724142 0.01370689655172419
02 0.818125 0.039999999999999994 0.06122844827586227 0.029978448275862067
12 0.610625 0.21625 0.03113636363636363 0.03488636363636366
01 0.629375 0.064375 0.01123579545454545 0.013735795454545452
09 0.361875 0.546875 0.02121951219512197 0.028719512195122032
