03 0.524375 0.484375 0.0362335526315789 0.02123355263157889
05 0.93625 0.355 0.014991610738254946 0.01999161073825506
01 0.27749999999999997 0.60875 0.019956896551724113 0.014956896551724164
13 0.520625 0.9275 0.08624444444444451 0.037494444444444275
04 0.233125 0.656875 0.026238095238095283 0.01873809523809511
20 0.0225 0.69 0.01749297752808989 0.01749297752808976
03 0.954375 0.161875 0.038745098039215664 0.018745098039215674
03 0.204375 0.06687499999999999 0.053706896551724115 0.028706896551724134
15 0.060625 0.744375 0.03372844827586207 0.011228448275862224
08 0.5825 0.9275 0.04238636363636361 0.029886363636363766
12 0.97125 0.479375 0.024985795454545268 0.026235795454545463
04 0.90375 0.548125 0.024969512195122 0.026219512195121975
07 0.7518750000000001 0.916875 0.033732142857142766 0.011232142857142913
13 0.715625 0.115625 0.03123750000000003 0.08123750000000002
