01 0.47125 0.615625 0.009983552631578907 0.013733552631578938
18 0.528125 0.534375 0.018741610738255088 0.021241610738255035
12 0.575625 0.635625 0.0337068965517241 0.046206896551724164
05 0.9425 0.39875000000000005 0.022494444444444373 0.034994444444444495
11 0.24875000000000003 0.6174999999999999 0.02248809523809528 0.027488095238095256
17 0.0625 0.755625 0.02999297752808988 0.026242977528089906
07 0.14874877450980392 0.41625 0.037497549019607834 0.042495098039215695
07 0.639375 0.08373922413793103 0.028706896551724093 0.017478448275862063
04 0.6737500000000001 0.039999999999999994 0.02747844827586221 0.024978448275862066
08 0.263125 0.985625 0.03863636363636369 0.018636363636363784
08 0.2 0.11812500000000001 0.03498579545454547 0.03373579545454547
07 0.9662576219512196 0.6399999999999999 0.03498475609756102 0.014969512195121992
03 0.89625 0.48 0.02748214285714279 0.027482142857142844
