11 0.931875 0.6018749999999999 0.026233552631578894 0.023733552631578836
08 0.0725 0.448125 0.012491610738255027 0.03874161073825505
20 0.164375 0.571875 0.02870689655172412 0.026206896551724146
02 0.46375 0.745 0.04999444444444445 0.047494444444444284
06 0.320625 0.7906249999999999 0.06373809523809526 0.05373809523809514
03 0.4125 0.12625 0.04249297752808984 0.02999297752808988
03 0.084375 0.61125 0.03874509803921569 0.05749509803921571
08 0.73125 0.46125 0.00995689655172416 0.032456896551724124
13 0.23249999999999998 0.56125 0.07497844827586206 0.05997844827586207
03 0.58125 0.673125 0.02488636363636354 0.02363636363636379
