04 0.614375 0.0675 0.021233552631579 0.014983552631578953
07 0.00875 0.944375 0.009991610738255033 0.08374161073825492
10 0.008739224137931035 0.4675 0.01497844827586207 0.014956896551724108
15 0.763125 0.21 0.01124444444444428 0.027494444444444432
18 0.8925000000000001 0.25625 0.014988095238095078 0.017488095238095303
06 0.98 0.48125 0.01749297752808987 0.04249297752808989
06 0.582501225490196 0.255625 0.04499754901960784 0.011245098039215695
12 0.71625 0.84875 0.02495689655172406 0.02745689655172412
01 0.955625 0.5331250000000001 0.018728448275862175 0.021228448275862122
07 0.752528409090909 0.343125 0.04494318181818191 0.008636363636363609
03 0.6912499999999999 0.21375 0.024985795454545268 0.017485795454545483
02 0.673125 0.97 0.026219512195121975 0.05496951219512203
08 0.901875 0.8987499999999999 0.026232142857142815 0.03748214285714291
