12 0.30875 0.453125 0.022483552631578974 0.023733552631578947
15 0.8793729026845638 0.079375 0.008745805369127502 0.021241610738255035
08 0.734375 0.10250000000000001 0.028706896551724093 0.014956896551724122
06 0.7793749999999999 0.3668736111111111 0.04874444444444437 0.038747222222222266
08 0.221875 0.985 0.01123809523809527 0.019988095238095083
05 0.28500000000000003 0.1275 0.02249297752808982 0.019992977528089886
01 0.8018749999999999 0.95875 0.011245098039215695 0.01249509803921578
06 0.6 0.02375 0.03495689655172418 0.04495689655172414
12 0.9075 0.22249999999999998 0.022478448275862206 0.02497844827586207
03 0.525625 0.024375 0.016136363636363615 0.016136363636363633
20 0.71875 0.15625 0.017485795454545316 0.017485795454545483
15 0.60125 0.20625 0.009969512195121988 0.012469512195121962
