18 0.125 0.501875 0.024983552631578934 0.026233552631578838
03 0.04625 0.6031249999999999 0.027491610738255026 0.06124161073825507
06 0.904375 0.6168750000000001 0.0387068965517241 0.04120689655172416
03 0.40375 0.16812499999999997 0.12749444444444447 0.03874444444444444
06 0.12125 0.51625 0.09748809523809525 0.06248809523809529
14 0.74 0.630625 0.039992977528089835 0.07374297752808978
10 0.3725 0.090625 0.03749509803921569 0.03874509803921569
12 0.86375 0.59625 0.09745689655172418 0.0649568965517241
14 0.9568749999999999 0.7262500000000001 0.046228448275862255 0.10497844827586211
10 0.708125 0.6168750000000001 0.02113636363636373 0.016136363636363504
03 0.30437499999999995 0.821875 0.02373579545454546 0.026235795454545352
20 0.039999999999999994 0.370625 0.03746951219512195 0.028719512195121977
18 0.12 0.195 0.024982142857142883 0.027482142857142844
03 0.14687499999999998 0.446875 0.0312375 0.07123750000000001
