06 0.818125 0.38749999999999996 0.033733552631578956 0.13998355263157897
06 0.1825 0.434375 0.10249161073825505 0.11374161073825506
19 0.12000000000000001 0.318125 0.07495689655172413 0.0387068965517241
03 0.15062638888888888 0.82375 0.043747222222222215 0.02499444444444432
03 0.17687797619047618 0.695625 0.10624404761904763 0.028738095238095118
15 0.056249999999999994 0.8556250000000001 0.042492977528089886 0.0212429775280899
18 0.826875 0.266875 0.038745098039215664 0.041245098039215666
15 0.85875 0.16875 0.06495689655172421 0.11495689655172411
03 0.5525 0.6412500000000001 0.04497844827586206 0.04247844827586211
19 0.51375 0.5575 0.03988636363636361 0.05988636363636357
19 0.438125 0.440625 0.05623579545454549 0.04623579545454548
04 0.5618749999999999 0.5275 0.056219512195122 0.04996951219512202
18 0.179375 0.128125 0.03373214285714282 0.036232142857142866
06 0.635625 0.7975 0.06623749999999995 0.16998749999999996
