03 0.39249999999999996 0.818125 0.03748355263157893 0.04623355263157891
01 0.528125 0.483125 0.01624161073825503 0.016241610738255086
03 0.660625 0.9225 0.02120689655172414 0.029956896551724066
00 0.050625 0.745625 0.03624444444444445 0.02874444444444435
06 0.609375 0.7493749999999999 0.03623809523809518 0.013738095238095105
04 0.589375 0.22875 0.023742977528089848 0.017492977528089843
10 0.38187499999999996 0.665625 0.04874509803921573 0.04874509803921567
03 0.2925 0.686875 0.02995689655172412 0.05620689655172417
01 0.029375 0.02625 0.016228448275862072 0.01747844827586207
14 0.691875 0.385 0.033636363636363686 0.047386363636363615
00 0.666875 0.3875 0.0287357954545453 0.02498579545454549
08 0.058124999999999996 0.22312500000000002 0.043719512195121955 0.046219512195121965
06 0.794375 0.594375 0.09623214285714277 0.04623214285714283
08 0.290625 0.58375 0.04373750000000004 0.029987500000000056
