14 0.4675 0.065 0.02998355263157887 0.01998355263157895
08 0.5799979026845639 0.254375 0.017495805369127537 0.03124161073825507
06 0.14500000000000002 0.110625 0.022456896551724143 0.05620689655172412
08 0.7575000000000001 0.6475 0.03249444444444427 0.012494444444444364
10 0.4125 0.09 0.014988095238095245 0.014988095238095231
19 0.46125 0.65125 0.02499297752808982 0.01749297752808987
20 0.678125 0.09062500000000001 0.0162450980392157 0.018745098039215688
04 0.25 0.88 0.022456896551724115 0.022456896551724226
02 0.48 0.598125 0.02247844827586204 0.018728448275862064
18 0.9750000000000001 0.9862500000000001 0.014886363636363753 0.0173863636363637
03 0.645 0.13624999999999998 0.0349857954545455 0.014985795454545453
03 0.583125 0.396875 0.03871951219512204 0.018719512195121968
01 0.04875 0.785 0.014982142857142854 0.014982142857142833
