05 0.6487499999999999 0.9450000000000001 0.03748355263157899 0.03498355263157882
10 0.1975 0.6168750000000001 0.019991610738255033 0.013741610738254972
09 0.7175 0.08875 0.032456896551724124 0.01995689655172414
00 0.36 0.528125 0.027494444444444488 0.023744444444444457
12 0.208125 0.358125 0.038738095238095266 0.05123809523809525
05 0.1725 0.04 0.03999297752808986 0.02249297752808989
08 0.35 0.11499999999999999 0.03999509803921569 0.012495098039215682
03 0.17375000000000002 0.6875 0.017456896551724138 0.02745689655172412
14 0.913125 0.30562500000000004 0.03872844827586219 0.038728448275862026
20 0.494375 0.49 0.016136363636363615 0.014886363636363587
15 0.37124999999999997 0.649375 0.10748579545454545 0.02873579545454541
18 0.12687500000000002 0.82125 0.016219512195121938 0.019969512195121997
20 0.836875 0.668125 0.036232142857142824 0.036232142857142824
08 0.801875 0.06875 0.028737500000000082 0.014987499999999994
