02 0.12312500000000001 0.71625 0.01123355263157895 0.019983552631578916
18 0.470625 0.080625 0.01624161073825503 0.018741610738255032
12 0.79 0.21437499999999998 0.05245689655172414 0.04870689655172414
03 0.816875 0.325 0.01124444444444439 0.03249444444444449
05 0.928125 0.36 0.01873809523809511 0.04248809523809527
03 0.335 0.49875 0.06499297752808986 0.02999297752808988
03 0.75 0.446875 0.034995098039215744 0.02874509803921571
03 0.120625 0.713125 0.043706896551724134 0.028706896551724093
03 0.925 0.870625 0.06747844827586225 0.021228448275862233
14 0.289375 0.6074715909090909 0.03613636363636363 0.019943181818181777
03 0.5562499999999999 0.5375 0.027485795454545436 0.05248579545454546
11 0.9143749999999999 0.918125 0.02871951219512192 0.02121951219512197
08 0.29625 0.6825 0.03248214285714285 0.08998214285714279
03 0.509375 0.47062499999999996 0.02623749999999997 0.013737500000000014
