10 0.698125 0.23562500000000003 0.03873355263157885 0.033733552631578984
08 0.1325 0.29625 0.08749161073825504 0.027491610738255068
08 0.9412499999999999 0.07875 0.032456896551724124 0.049956896551724146
04 0.526875 0.836875 0.02874444444444446 0.02874444444444435
18 0.7106250000000001 0.500625 0.02623809523809506 0.031238095238095287
00 0.6468750000000001 0.141875 0.053742977528089875 0.048742977528089884
03 0.38875 0.31937499999999996 0.07499509803921567 0.03624509803921566
03 0.7562500000000001 0.60375 0.1899568965517241 0.13995689655172416
04 0.44125 0.28875 0.04497844827586206 0.039978448275862055
13 0.3125 0.701875 0.059886363636363626 0.06613636363636377
04 0.16875 0.71875 0.03498579545454547 0.03998579545454528
02 0.961875 0.551875 0.05871951219512195 0.07121951219512201
20 0.07375000000000001 0.6499999999999999 0.027482142857142858 0.019982142857142837
12 0.924375 0.6925 0.08623750000000008 0.05248750000000002
