03 0.013125 0.1875 0.023733552631578947 0.044983552631578994
07 0.8643749999999999 0.891875 0.0587416107382549 0.013741610738254861
09 0.151875 0.5631250000000001 0.05620689655172413 0.02120689655172414
19 0.483125 0.9025 0.021244444444444455 0.054994444444444346
13 0.559375 0.10875 0.06623809523809532 0.04248809523809524
20 0.46375 0.436875 0.019992977528089817 0.023742977528089848
06 0.383125 0.9125000000000001 0.0837450980392157 0.05499509803921565
12 0.964375 0.5093749999999999 0.0337068965517241 0.043706896551724106
11 0.8049999999999999 0.729375 0.03747844827586222 0.028728448275862295
07 0.090625 0.7437499999999999 0.03613636363636363 0.014886363636363753
