07 0.7931250000000001 0.10625 0.03873355263157896 0.014983552631578939
07 0.10125 0.195625 0.017491610738255045 0.03874161073825505
10 0.35375 0.870625 0.019956896551724113 0.018706896551724084
18 0.5775 0.8356250000000001 0.019994444444444426 0.021244444444444288
12 0.61125 0.375625 0.05248809523809528 0.04873809523809525
20 0.691875 0.97 0.02124297752808979 0.019992977528089817
20 0.903125 0.251875 0.02624509803921571 0.021245098039215704
12 0.1775 0.9175 0.04245689655172413 0.039956896551724075
03 0.320625 0.07875 0.03872844827586208 0.032478448275862076
07 0.401875 0.445625 0.028636363636363626 0.0586363636363636
