06 0.620625 0.625625 0.08123355263157883 0.05623355263157892
13 0.8518749999999999 0.830625 0.15124161073825493 0.08624161073825498
14 0.93875 0.90125 0.019956896551724168 0.024956896551724173
09 0.48250000000000004 0.9281250000000001 0.02999444444444449 0.03874444444444436
14 0.12437499999999999 0.66875 0.038738095238095224 0.04748809523809505
16 0.441875 0.824375 0.02624297752808985 0.05124297752808982
06 0.8025 0.446875 0.027495098039215682 0.10874509803921573
20 0.375625 0.20124999999999998 0.02120689655172414 0.022456896551724143
03 0.25875 0.639375 0.03997844827586203 0.0437284482758622
15 0.27625 0.203125 0.029886363636363655 0.04113636363636369
