01 0.946875 0.8887499999999999 0.04873355263157886 0.029983552631578925
18 0.446875 0.8049999999999999 0.02624161073825504 0.029991610738254848
07 0.818125 0.7025 0.06370689655172412 0.019956896551724057
08 0.840625 0.83125 0.023744444444444346 0.04249444444444428
03 0.944375 0.68625 0.08373809523809517 0.02998809523809509
20 0.580625 0.50875 0.028742977528089853 0.02999297752808988
04 0.276875 0.64125 0.03624509803921566 0.02999509803921563
14 0.43625 0.19125 0.034956896551724126 0.07745689655172411
03 0.603125 0.8975 0.04872844827586209 0.039978448275862166
03 0.181875 0.021249999999999998 0.03363636363636366 0.017386363636363637
10 0.30625 0.48812500000000003 0.032485795454545496 0.031235795454545523
15 0.18375000000000002 0.05875 0.037469512195121984 0.042469512195121954
