08 0.276875 0.51 0.011233552631578991 0.04498355263157894
06 0.7637520973154363 0.6056250000000001 0.017495805369127426 0.06124161073825507
06 0.47562499999999996 0.37687499999999996 0.048706896551724166 0.07120689655172413
06 0.06625 0.143125 0.052494444444444455 0.021244444444444455
18 0.958125 0.729375 0.021238095238095056 0.023738095238095225
03 0.249375 0.9293750000000001 0.023742977528089876 0.053742977528089875
03 0.745625 0.49374999999999997 0.028745098039215655 0.022495098039215677
05 0.086875 0.020625 0.01870689655172414 0.03370689655172414
15 0.3 0.45375 0.007478448275862082 0.019978448275862037
15 0.2 0.728125 0.03738636363636369 0.02113636363636373
14 0.359375 0.42874999999999996 0.03873579545454542 0.03498579545454544
