06 0.5925 0.205 0.019983552631578916 0.022483552631578974
03 0.669375 0.085 0.046241610738254946 0.022491610738255036
09 0.725 0.669375 0.039956896551724075 0.05870689655172423
08 0.7737499999999999 0.8175 0.05249444444444429 0.029994444444444435
06 0.6549970238095237 0.36812500000000004 0.01999404761904755 0.1112380952380953
03 0.815625 0.595 0.026242977528089795 0.049992977528089844
19 0.29312499999999997 0.56125 0.033745098039215715 0.024995098039215735
04 0.815625 0.2375 0.03870689655172421 0.02745689655172412
15 0.255 0.33999461206896553 0.032478448275862076 0.019989224137931028
04 0.36312500000000003 0.38687499999999997 0.03613636363636358 0.038636363636363635
