15 0.906875 0.426875 0.07873355263157888 0.051233552631578916
16 0.879375 0.2425 0.0537416107382549 0.05749161073825504
03 0.494375 0.21000000000000002 0.041206896551724104 0.022456896551724143
07 0.06625 0.558125 0.04999444444444445 0.023744444444444568
04 0.24875 0.028124999999999997 0.03998809523809527 0.036238095238095236
03 0.229375 0.509375 0.043742977528089866 0.06124297752808988
12 0.87625 0.398125 0.052495098039215704 0.06374509803921569
03 0.78375 0.33999999999999997 0.032456896551724124 0.08495689655172417
06 0.111875 0.6775 0.028728448275862073 0.049978448275862286
08 0.27875 0.7625 0.022386363636363704 0.039886363636363664
03 0.6499999999999999 0.338125 0.03998579545454539 0.038735795454545474
