19 0.35 0.41500000000000004 0.059983552631578896 0.034983552631578874
14 0.57375 0.11000000000000001 0.05499161073825509 0.05499161073825505
00 0.6087499999999999 0.745 0.05245689655172414 0.03495689655172418
15 0.11437638888888889 0.045625 0.07624722222222222 0.03874444444444444
04 0.59875 0.028749999999999998 0.05248809523809528 0.04748809523809523
03 0.17937499999999998 0.90125 0.05124297752808987 0.049992977528089844
03 0.23250122549019608 0.235625 0.08999754901960788 0.03874509803921572
05 0.2825 0.436875 0.02245689655172417 0.04870689655172411
03 0.42374999999999996 0.835 0.04747844827586206 0.024978448275862264
06 0.62625 0.511875 0.10988636363636373 0.02613636363636357
06 0.77125 0.295625 0.11248579545454529 0.0687357954545455
10 0.391875 0.6074999999999999 0.03621951219512193 0.024969512195122
03 0.47375 0.29125 0.039982142857142855 0.08498214285714281
