00 0.18625 0.18125 0.03248355263157898 0.027483552631578978
06 0.506875 0.63625 0.006241610738255021 0.027491610738255012
14 0.7025 0.6475 0.01745689655172411 0.022456896551724115
05 0.71375 0.679375 0.017494444444444257 0.033744444444444355
06 0.7031279761904762 0.925 0.046244047619047546 0.05248809523809517
04 0.234375 0.67 0.031242977528089855 0.02749297752808988
20 0.125625 0.8243750000000001 0.028745098039215683 0.021245098039215704
03 0.944375 0.948125 0.05120689655172417 0.08120689655172408
12 0.9568749999999999 0.36 0.03872844827586219 0.039978448275862055
03 0.195625 0.1393465909090909 0.03863636363636366 0.028693181818181812
