05 0.58125 0.568125 0.01748355263157897 0.031233552631578898
03 0.546875 0.524375 0.0337416107382551 0.028741610738255097
19 0.8925000000000001 0.30374999999999996 0.012456896551724106 0.017456896551724166
04 0.08875000000000001 0.97 0.022494444444444456 0.02499444444444432
09 0.47562499999999996 0.026250000000000002 0.018738095238095276 0.03248809523809524
03 0.129375 0.889375 0.02374297752808989 0.10124297752808986
15 0.5425 0.454375 0.03749509803921569 0.05874509803921574
18 0.76625 0.8006249999999999 0.01745689655172411 0.02120689655172414
06 0.921875 0.2425 0.01372844827586217 0.032478448275862076
03 0.575 0.28500000000000003 0.014886363636363531 0.027386363636363653
03 0.37875000000000003 0.7306250000000001 0.04748579545454551 0.031235795454545356
15 0.96 0.2625 0.039969512195122014 0.03246951219512198
09 0.15125 0.510625 0.01498214285714286 0.041232142857142884
02 0.815 0.3075 0.02498750000000005 0.05998749999999997
