04 0.7693749999999999 0.07874999999999999 0.033733552631578845 0.03498355263157894
08 0.6112500000000001 0.25125 0.05499161073825498 0.03749161073825508
15 0.253125 0.15 0.046206896551724136 0.04745689655172414
18 0.6156250000000001 0.7125 0.02124444444444451 0.02499444444444432
13 0.8356250000000001 0.5075000000000001 0.03373809523809512 0.06748809523809529
06 0.18125 0.143125 0.06999297752808986 0.04124297752808988
11 0.18125 0.1175 0.042495098039215695 0.032495098039215686
18 0.089375 0.583125 0.023706896551724144 0.026206896551724146
11 0.909375 0.60625 0.036228448275862246 0.03497844827586205
03 0.48875 0.25375 0.0923863636363636 0.12738636363636366
08 0.134375 0.289375 0.013735795454545452 0.051235795454545485
15 0.595 0.51125 0.029969512195122006 0.03496951219512201
09 0.7874955357142857 0.505625 0.03249107142857144 0.036232142857142824
