03 0.38312500000000005 0.754375 0.04373355263157891 0.033733552631578956
19 0.7275 0.861875 0.022491610738254897 0.028741610738254875
12 0.275 0.458125 0.02995689655172412 0.036206896551724155
03 0.104375 0.689375 0.018744444444444466 0.05374444444444437
19 0.4625 0.6875 0.03248809523809526 0.03498809523809521
01 0.2875 0.8318749999999999 0.02249297752808982 0.023742977528089848
01 0.146875 0.875 0.018745098039215702 0.01999509803921562
20 0.18062499999999998 0.03125 0.021206896551724114 0.017456896551724138
08 0.146875 0.8106249999999999 0.016228448275862062 0.026228448275862237
10 0.565625 0.428125 0.023636363636363567 0.023636363636363622
