11 0.501875 0.193125 0.05373355263157892 0.033733552631578984
03 0.755 0.28125 0.04749161073825481 0.07749161073825506
10 0.63375 0.35750000000000004 0.04745689655172414 0.02995689655172412
07 0.9393750000000001 0.551875 0.05874444444444438 0.0687444444444445
06 0.12187500000000001 0.311875 0.09623809523809525 0.1312380952380953
03 0.9299999999999999 0.661875 0.02499297752808982 0.05624297752808993
06 0.4437512254901961 0.9275 0.059997549019607854 0.10249509803921564
04 0.95375 0.25625 0.05995689655172409 0.03995689655172413
03 0.90375 0.184375 0.09247844827586216 0.09122844827586205
06 0.575625 0.351875 0.1686363636363637 0.011136363636363611
03 0.45999999999999996 0.37875 0.07998579545454548 0.05748579545454546
20 0.3775 0.9337500000000001 0.03496951219512201 0.024969512195122
