07 0.5 0.41375 0.11748355263157895 0.019983552631578916
20 0.279375 0.3125 0.021241610738255035 0.022491610738255008
06 0.833125 0.8275 0.08870689655172415 0.01745689655172411
02 0.6512499999999999 0.43 0.06499444444444447 0.07499444444444447
06 0.7075 0.8275 0.1449880952380952 0.019988095238095083
10 0.375 0.555625 0.032492977528089884 0.03874297752808986
11 0.46499999999999997 0.27125 0.054995098039215706 0.052495098039215676
19 0.7925 0.08124999999999999 0.039956896551724075 0.07495689655172413
14 0.765625 0.86875 0.07872844827586212 0.09747844827586216
10 0.781875 0.41375 0.03113636363636374 0.022386363636363593
07 0.2625 0.5025000000000001 0.25498579545454547 0.1574857954545455
03 0.500625 0.27875 0.06871951219512201 0.024969512195122
20 0.133125 0.21187499999999998 0.03373214285714286 0.026232142857142843
15 0.468125 0.803746875 0.07623750000000001 0.052493750000000006
