05 0.44125000000000003 0.733125 0.01248355263157891 0.026233552631578894
14 0.23249999999999998 0.47250000000000003 0.012491610738255027 0.02499161073825501
06 0.316875 0.348125 0.00870689655172413 0.028706896551724148
06 0.13874999999999998 0.910625 0.03749444444444447 0.04124444444444442
03 0.743125 0.13624999999999998 0.016238095238095163 0.024988095238095226
03 0.861875 0.24 0.0212429775280899 0.06249297752808988
03 0.978125 0.6625 0.02624509803921571 0.017495098039215673
20 0.30874999999999997 0.3325 0.019956896551724113 0.01745689655172411
04 0.538125 0.23249999999999998 0.021228448275862122 0.019978448275862065
18 0.056249999999999994 0.42375 0.014886363636363635 0.01738636363636359
09 0.25625 0.195 0.039985795454545475 0.01498579545454548
05 0.083125 0.14687500000000003 0.01371951219512195 0.036219512195121956
