15 0.51125 0.625625 0.02498355263157892 0.01873355263157883
03 0.45875 0.41874999999999996 0.022491610738255063 0.027491610738255068
07 0.21437499999999998 0.812489224137931 0.05120689655172414 0.05247844827586201
03 0.34875 0.7749999999999999 0.009994444444444528 0.019994444444444315
06 0.6356220238095238 0.290625 0.013744047619047572 0.056238095238095254
04 0.8400000000000001 0.22999999999999998 0.032492977528089884 0.019992977528089845
18 0.8206249999999999 0.834375 0.013745098039215642 0.0162450980392157
11 0.326875 0.953125 0.02620689655172409 0.02120689655172403
03 0.89375 0.780625 0.012478448275862197 0.036228448275862135
20 0.80875 0.69 0.019886363636363757 0.022386363636363815
03 0.033125 0.80125 0.011235795454545457 0.04248579545454534
12 0.51625 0.639375 0.02746951219512206 0.03121951219512198
03 0.0475 0.16499999999999998 0.009982142857142856 0.022482142857142867
06 0.328125 0.45625 0.016237500000000016 0.022487499999999994
