03 0.03937500000000001 0.2 0.03623355263157895 0.10498355263157896
06 0.964375 0.42625 0.013741610738254861 0.03499161073825502
08 0.039375 0.36061422413793104 0.06370689655172414 0.04122844827586203
05 0.16749999999999998 0.61125 0.05499444444444443 0.027494444444444488
04 0.484375 0.6875 0.041238095238095296 0.027488095238095145
08 0.7931250000000001 0.6875 0.06624297752808983 0.022492977528089764
14 0.250625 0.9437500000000001 0.04874509803921567 0.042495098039215695
20 0.26937500000000003 0.334375 0.03370689655172415 0.028706896551724148
03 0.9650000000000001 0.6512500000000001 0.024978448275862264 0.059978448275862184
03 0.27937500000000004 0.836875 0.04113636363636369 0.03113636363636374
18 0.48812500000000003 0.5425 0.02373579545454546 0.027485795454545436
13 0.9475 0.06 0.029969512195122006 0.03996951219512195
06 0.89125 0.113125 0.032482142857142904 0.12873214285714285
03 0.34562499999999996 0.8362499999999999 0.05123749999999999 0.07248749999999993
