11 0.43812088815789474 0.042499999999999996 0.03374177631578945 0.01998355263157895
08 0.053750000000000006 0.17875000000000002 0.044991610738255035 0.032491610738255045
08 0.806875 0.2475 0.011206896551724133 0.04745689655172414
03 0.053750000000000006 0.29125 0.014994444444444442 0.014994444444444421
09 0.78125 0.335625 0.052488095238095056 0.05623809523809531
14 0.8200000000000001 0.09125 0.029992977528089937 0.06249297752808988
18 0.484375 0.660625 0.02374509803921565 0.02624509803921571
08 0.048125 0.7124999999999999 0.023706896551724144 0.022456896551724115
12 0.6625000000000001 0.329375 0.05247844827586212 0.08872844827586207
14 0.618125 0.140625 0.023636363636363567 0.04363636363636367
12 0.365625 0.205625 0.05873579545454549 0.08873579545454546
08 0.705 0.6575 0.03246951219512195 0.04496951219512202
07 0.1 0.241875 0.09498214285714285 0.013732142857142832
06 0.900625 0.62375 0.08123750000000007 0.10498750000000001
