03 0.10500411184210526 0.7949999999999999 0.11999177631578949 0.04498355263157883
08 0.8318749999999999 0.25 0.07124161073825486 0.06999161073825502
03 0.051875000000000004 0.365625 0.026206896551724146 0.07870689655172414
03 0.069375 0.7806249999999999 0.053744444444444456 0.07124444444444433
04 0.47375 0.036875000000000005 0.054988095238095225 0.04123809523809524
03 0.065 0.94875 0.02999297752808989 0.04499297752808984
00 0.5625 0.37812500000000004 0.0474950980392157 0.02874509803921571
03 0.5675 0.11624999999999999 0.08745689655172417 0.04745689655172412
01 0.4625 0.042499999999999996 0.04497844827586206 0.03497844827586207
03 0.329375 0.589375 0.05363636363636365 0.08113636363636356
