03 0.034375 0.513125 0.04123355263157895 0.07373355263157888
09 0.611875 0.626875 0.05124161073825506 0.04624161073825506
06 0.7562500000000001 0.45875 0.022456896551724115 0.15745689655172418
07 0.358125 0.82875 0.058744444444444543 0.047494444444444284
05 0.781875 0.9325 0.031238095238095065 0.07748809523809519
04 0.561875 0.294375 0.06374297752808977 0.06374297752808988
12 0.82125 0.125625 0.08999509803921568 0.09874509803921569
03 0.22062500000000002 0.80125 0.03870689655172413 0.0649568965517241
04 0.9325 0.375 0.04747844827586212 0.03747844827586211
18 0.8362499999999999 0.14750000000000002 0.04488636363636378 0.04738636363636364
14 0.35 0.769375 0.08748579545454543 0.04623579545454537
