15 0.75875 0.874375 0.02498355263157892 0.043733552631578965
09 0.8175 0.6387499999999999 0.02999161073825496 0.04499161073825497
00 0.7375 0.9175 0.057456896551724146 0.049956896551724084
12 0.29312499999999997 0.08750000000000001 0.08374444444444445 0.08749444444444446
09 0.93 0.26937500000000003 0.05998809523809512 0.06623809523809526
13 0.858125 0.71 0.19624297752808983 0.049992977528089844
03 0.464375 0.38187499999999996 0.023745098039215706 0.031245098039215657
03 0.384375 0.974364224137931 0.06620689655172413 0.028728448275862073
20 0.53375 0.53125 0.04247844827586211 0.0274784482758621
03 0.7075 0.25125 0.019886363636363757 0.03738636363636366
09 0.59375 0.7493749999999999 0.04248579545454545 0.07373579545454534
