20 0.6025 0.9624999999999999 0.022483552631578863 0.022483552631578863
03 0.6812499999999999 0.323125 0.0899916107382549 0.048741610738255
20 0.860625 0.30125 0.028706896551724093 0.024956896551724117
03 0.24812499999999998 0.63375 0.04624444444444442 0.03249444444444449
14 0.961875 0.31125 0.016238095238095163 0.01998809523809525
14 0.06375 0.050625 0.03749297752808989 0.028742977528089887
11 0.49812500000000004 0.859375 0.02874509803921571 0.028745098039215655
03 0.140625 0.08875 0.028706896551724148 0.044956896551724135
08 0.04625 0.889375 0.022478448275862067 0.01622844827586223
08 0.370625 0.1775 0.04863636363636359 0.012386363636363668
