11 0.15000000000000002 0.08625 0.02748355263157895 0.019983552631578944
20 0.818125 0.9043749999999999 0.01624161073825492 0.01624161073825492
18 0.89625 0.5425 0.01745689655172411 0.019956896551724057
07 0.506875 0.5643750000000001 0.011244444444444501 0.033744444444444466
12 0.230625 0.8162499999999999 0.056238095238095254 0.044988095238095105
14 0.5125 0.709375 0.02499297752808982 0.03874297752808986
12 0.36312500000000003 0.684375 0.03624509803921566 0.036245098039215606
02 0.423125 0.398125 0.021206896551724086 0.0337068965517241
03 0.79375 0.40125 0.032478448275862215 0.022478448275862095
12 0.6256250000000001 0.700625 0.03113636363636363 0.03113636363636374
19 0.224375 0.19125 0.026235795454545463 0.022485795454545487
04 0.57375 0.45062500000000005 0.022469512195121943 0.028719512195121977
03 0.328125 0.21437499999999998 0.02123214285714281 0.026232142857142843
