04 0.793125 0.134375 0.04623355263157891 0.028733552631578937
03 0.88 0.825 0.08749161073825484 0.04499161073825497
06 0.39937500000000004 0.05625 0.02620689655172409 0.019956896551724154
03 0.375625 0.46562499999999996 0.028744444444444517 0.023744444444444512
03 0.801875 0.3 0.03873809523809513 0.0149880952380953
03 0.7325 0.79 0.039992977528089835 0.019992977528089817
15 0.80625 0.4325 0.027495098039215682 0.06499509803921566
03 0.33875 0.5825 0.02745689655172412 0.032456896551724124
03 0.07125 0.33125000000000004 0.057478448275862064 0.03247844827586205
03 0.53625 0.899375 0.037386363636363606 0.028636363636363682
02 0.061875 0.391875 0.03373579545454544 0.02623579545454552
13 0.625 0.698125 0.07246951219512199 0.04871951219512205
03 0.244375 0.134375 0.02124999999999999 0.01623214285714286
