07 0.09 0.35375 0.024983552631578948 0.0649835526315789
04 0.598125 0.944375 0.03624161073825505 0.018741610738254866
06 0.760635775862069 0.89375 0.05122844827586204 0.029956896551724177
15 0.134375 0.145625 0.013744444444444448 0.051244444444444454
03 0.101875 0.725625 0.028738095238095243 0.023738095238095114
03 0.7000017556179775 0.871875 0.04249648876404488 0.043742977528089866
14 0.85625 0.44499999999999995 0.04999509803921576 0.03499509803921569
11 0.16562500000000002 0.8175 0.033706896551724125 0.022456896551724226
12 0.329375 0.44 0.038728448275862026 0.04497844827586206
08 0.8925000000000001 0.3325 0.05488636363636379 0.01738636363636359
11 0.29625 0.265 0.03498579545454544 0.03498579545454544
03 0.21000000000000002 0.258125 0.08496951219512197 0.05121951219512197
19 0.549375 0.943125 0.03873214285714288 0.018732142857142753
