15 0.41000000000000003 0.799375 0.014983552631578856 0.02873355263157895
20 0.051875000000000004 0.089375 0.00874161073825503 0.011241610738255053
08 0.681260775862069 0.541875 0.029978448275862046 0.01370689655172419
04 0.5462499999999999 0.13125 0.03249444444444449 0.02999444444444445
05 0.6512499999999999 0.92875 0.027488095238095256 0.03248809523809515
03 0.805625 0.61625 0.01374297752808984 0.022492977528089875
07 0.9618737745098039 0.185 0.011247549019607783 0.032495098039215686
14 0.138125 0.166875 0.023706896551724144 0.023706896551724144
12 0.476875 0.7424999999999999 0.03872844827586208 0.029978448275862157
15 0.376875 0.76 0.011136363636363611 0.014886363636363753
03 0.6925 0.308125 0.02498579545454538 0.016235795454545454
15 0.6868673780487805 0.1175 0.013734756097560918 0.009969512195121946
