07 0.5518749999999999 0.284375 0.04123355263157891 0.08123355263157894
00 0.47375 0.564375 0.01999161073825506 0.01624161073825503
20 0.103125 0.2225 0.02370689655172413 0.019956896551724113
18 0.095 0.55625 0.014994444444444463 0.01749444444444448
03 0.684375 0.73 0.01623809523809505 0.012488095238095132
08 0.32062500000000005 0.27375 0.03624297752808986 0.032492977528089884
15 0.6087487745098039 0.638125 0.017497549019607872 0.013745098039215642
06 0.951875 0.9293750000000001 0.028706896551724093 0.06370689655172412
00 0.8712500000000001 0.055 0.02747844827586221 0.027478448275862058
08 0.34125000000000005 0.495625 0.0298863636363636 0.011136363636363666
00 0.9612499999999999 0.8431249999999999 0.02248579545454532 0.021235795454545348
03 0.5775 0.078125 0.0349695121951219 0.033719512195121946
09 0.035625 0.173125 0.026232142857142857 0.02123214285714281
