05 0.49124999999999996 0.259375 0.022483552631578918 0.031233552631578954
03 0.3175 0.06875 0.017491610738255003 0.022491610738255022
20 0.148125 0.0275 0.03620689655172413 0.022456896551724136
04 0.72875 0.808125 0.037494444444444275 0.0362444444444443
03 0.829375 0.15000000000000002 0.08373809523809517 0.044988095238095244
01 0.721875 0.6425000000000001 0.036242977528089804 0.032492977528089884
09 0.451875 0.485625 0.05624509803921568 0.03624509803921566
12 0.5775 0.135625 0.03745689655172413 0.03870689655172414
10 0.036875 0.7481249999999999 0.031228448275862065 0.046228448275862255
20 0.049375 0.56875 0.021136363636363634 0.019886363636363535
02 0.05312499999999999 0.869375 0.026235795454545456 0.033735795454545414
18 0.966875 0.25375 0.02121951219512197 0.024969512195121973
