04 0.380625 0.3125 0.02373355263157889 0.014983552631579022
20 0.19375 0.869375 0.014991610738255057 0.01624161073825492
13 0.7618750000000001 0.1825 0.03120689655172415 0.05245689655172414
09 0.97125 0.47062499999999996 0.02249444444444426 0.028744444444444517
08 0.379375 0.3375 0.016238095238095274 0.022488095238095307
18 0.8999999999999999 0.11750000000000001 0.014992977528089813 0.017492977528089898
05 0.6025 0.71 0.032495098039215686 0.017495098039215673
03 0.694375 0.41374999999999995 0.04120689655172416 0.024956896551724117
18 0.778125 0.079375 0.018728448275862175 0.021228448275862066
07 0.45499999999999996 0.16125 0.034886363636363604 0.029886363636363655
13 0.371875 0.390625 0.06373579545454544 0.033735795454545414
01 0.7324999999999999 0.76 0.027469512195121948 0.02746951219512206
03 0.6331249999999999 0.12875 0.03873214285714288 0.03248214285714286
12 0.85625 0.559375 0.03498750000000006 0.03873749999999998
