06 0.375 0.438125 0.05498355263157895 0.10623355263157891
03 0.495625 0.8537479026845638 0.09124161073825499 0.062495805369127466
04 0.9137500000000001 0.955 0.03495689655172407 0.04745689655172414
19 0.03625 0.614375 0.04749444444444444 0.03374444444444458
03 0.49125 0.905 0.05748809523809528 0.07748809523809508
18 0.21125 0.435 0.02749297752808985 0.029992977528089826
06 0.22312500000000002 0.215625 0.03374509803921569 0.031245098039215685
18 0.955 0.49312500000000004 0.02745689655172412 0.031206896551724095
07 0.041874999999999996 0.18625 0.023728448275862065 0.11497844827586207
02 0.6725000000000001 0.84 0.024886363636363762 0.029886363636363766
10 0.038125 0.6725 0.033735795454545456 0.02498579545454538
04 0.464375 0.025625 0.038719512195121986 0.04371951219512195
