03 0.86625 0.22625 0.04498355263157894 0.02998355263157898
06 0.15 0.6143749999999999 0.07499161073825504 0.14874161073825498
00 0.88375 0.48562500000000003 0.07245689655172416 0.05120689655172417
10 0.1125 0.780625 0.06999444444444444 0.0362444444444443
03 0.530625 0.25375000000000003 0.06623809523809526 0.0699880952380953
03 0.950625 0.075 0.036242977528089804 0.032492977528089884
20 0.736875 0.879375 0.046245098039215615 0.04124509803921572
13 0.16062500000000002 0.794375 0.17620689655172414 0.036206896551724044
19 0.866875 0.750625 0.06372844827586222 0.05122844827586226
08 0.09062500000000001 0.38625 0.08613636363636364 0.04988636363636362
01 0.24375000000000002 0.47375 0.0674857954545455 0.04498579545454551
09 0.041249999999999995 0.335625 0.05996951219512195 0.056219512195122
03 0.43562500000000004 0.355 0.13873214285714286 0.04748214285714286
09 0.395 0.90375 0.05998750000000003 0.047487500000000016
