18 0.9575 0.206875 0.03498355263157893 0.03873355263157896
02 0.299375 0.36312500000000003 0.05874161073825501 0.171241610738255
18 0.5025 0.5549999999999999 0.03745689655172407 0.039956896551724186
01 0.23249999999999998 0.80375 0.049994444444444425 0.047494444444444395
01 0.10625 0.371875 0.03998809523809524 0.026238095238095283
11 0.09125 0.569375 0.05749297752808989 0.06874297752808989
02 0.22625 0.49562500000000004 0.06249509803921571 0.04124509803921572
03 0.6487499999999999 0.02 0.059956896551724204 0.02995689655172414
04 0.32625 0.052500000000000005 0.03497844827586205 0.022478448275862067
03 0.184375 0.935 0.03363636363636366 0.06988636363636369
