10 0.59625 0.9725 0.02498355263157881 0.02498355263157892
03 0.113125 0.16625 0.02124161073825505 0.02749161073825504
11 0.46 0.161875 0.032456896551724124 0.023706896551724116
14 0.8743736111111111 0.019375 0.03624722222222221 0.026244444444444442
19 0.154375 0.9450000000000001 0.036238095238095236 0.019988095238095194
09 0.643125 0.27 0.03874297752808975 0.02999297752808988
08 0.7725 0.193125 0.03749509803921569 0.013745098039215697
10 0.4175 0.37 0.019956896551724113 0.019956896551724168
06 0.655625 0.6468750000000001 0.06872844827586211 0.07122844827586217
03 0.8162499999999999 0.048125 0.05488636363636379 0.038636363636363635
