19 0.47875 0.5943750000000001 0.017483552631578914 0.031233552631578898
03 0.36312500000000003 0.6556249999999999 0.04874161073825506 0.038741610738254884
03 0.095 0.048125 0.014956896551724136 0.033706896551724146
08 0.4756236111111111 0.775 0.011247222222222297 0.009994444444444417
18 0.5025 0.745625 0.01998809523809525 0.023738095238095114
07 0.11125000000000002 0.62875 0.029992977528089895 0.01749297752808987
19 0.07625 0.59625 0.032495098039215686 0.032495098039215686
20 0.9537500000000001 0.5725 0.012456896551724106 0.012456896551724217
06 0.7825 0.669375 0.014978448275862255 0.02372844827586229
06 0.98875 0.09 0.007386363636363802 0.06988636363636364
