05 0.7593749999999999 0.739375 0.02123355263157889 0.021233552631579
18 0.200625 0.701875 0.021241610738255035 0.02374161073825487
03 0.585 0.61875 0.03495689655172407 0.04745689655172414
06 0.5612513888888888 0.4775 0.05499722222222225 0.03249444444444449
09 0.7081249999999999 0.7150000000000001 0.03373809523809512 0.054988095238095114
08 0.2987517556179775 0.424375 0.024996488764044977 0.04124297752808981
05 0.38750122549019606 0.5725 0.027497549019607825 0.032495098039215686
14 0.642510775862069 0.13874999999999998 0.04497844827586206 0.027456896551724147
19 0.32188038793103446 0.44875 0.03373922413793101 0.02247844827586204
03 0.7737499999999999 0.094375 0.0173863636363637 0.03113636363636363
14 0.576875 0.835 0.03873579545454542 0.029985795454545383
14 0.40437500000000004 0.620625 0.038719512195121986 0.03871951219512204
03 0.8975 0.975625 0.014982142857142833 0.026232142857142815
