01 0.55125 0.4975 0.012483552631578965 0.012483552631578854
08 0.96625 0.385625 0.04499161073825497 0.011241610738255026
18 0.2175 0.35250000000000004 0.014956896551724108 0.017456896551724166
07 0.50875 0.09 0.01999444444444448 0.03499444444444445
09 0.8325 0.926875 0.027488095238095145 0.01873809523809511
03 0.833125 0.7693749999999999 0.01374297752808995 0.04624297752808981
03 0.7831250000000001 0.5325 0.04124509803921572 0.05499509803921565
15 0.271875 0.14937499999999998 0.028706896551724148 0.031206896551724123
02 0.084375 0.528125 0.033728448275862064 0.0637284482758621
15 0.460625 0.55125 0.04113636363636364 0.027386363636363598
03 0.26937500000000003 0.848125 0.028735795454545465 0.026235795454545352
03 0.33875 0.573125 0.029969512195122006 0.02121951219512197
10 0.48062499999999997 0.553125 0.021232142857142866 0.016232142857142806
