04 0.16625 0.3175 0.024983552631578976 0.01998355263157897
07 0.98375 0.8162479026845637 0.02999161073825496 0.02249580536912743
03 0.52625 0.093125 0.04495689655172419 0.046206896551724136
15 0.11937500000000001 0.10500000000000001 0.03874444444444447 0.019994444444444467
12 0.081875 0.715 0.036238095238095236 0.037488095238095154
08 0.28125175561797755 0.229375 0.017496488764044915 0.03624297752808986
18 0.845 0.025 0.01999509803921573 0.02249509803921569
03 0.1925 0.038125000000000006 0.02745689655172412 0.016206896551724144
13 0.6875 0.395 0.08247844827586226 0.08247844827586209
12 0.5725 0.5549999999999999 0.04238636363636361 0.039886363636363664
06 0.06437855113636365 0.40375 0.06624289772727274 0.04248579545454545
06 0.7 0.511875 0.05996951219512192 0.05371951219512194
03 0.9493750000000001 0.18937500000000002 0.04123214285714283 0.02123214285714284
05 0.43374999999999997 0.219375 0.027487500000000054 0.0312375
