15 0.1325 0.17875000000000002 0.04248355263157895 0.04748355263157897
20 0.8943749999999999 0.31937499999999996 0.01624161073825492 0.011241610738255081
18 0.818125 0.259375 0.02120689655172414 0.023706896551724144
07 0.273125 0.6331249999999999 0.016244444444444395 0.03874444444444447
18 0.12125 0.8631249999999999 0.019988095238095235 0.023738095238095114
00 0.89 0.91625 0.02749297752808988 0.02749297752808988
04 0.98 0.52875 0.02999509803921563 0.017495098039215784
09 0.44499999999999995 0.3575 0.02995689655172412 0.02745689655172412
07 0.073125 0.5237446120689655 0.13622844827586206 0.054989224137931
01 0.184375 0.6243749999999999 0.021136363636363648 0.02113636363636362
03 0.395625 0.179375 0.02123579545454546 0.018735795454545456
05 0.395625 0.9512499999999999 0.02121951219512197 0.03746951219512196
04 0.42125 0.671875 0.029982142857142846 0.02373214285714287
