06 0.250625 0.9862500000000001 0.06873355263157896 0.009983552631578907
03 0.859375 0.39749999999999996 0.026241610738254817 0.02499161073825501
05 0.849375 0.895 0.0237068965517242 0.04245689655172413
03 0.524375 0.395625 0.07624444444444445 0.033744444444444466
12 0.580625 0.829375 0.04873809523809525 0.05373809523809514
18 0.465625 0.9299999999999999 0.023742977528089848 0.027492977528089768
01 0.266875 0.15375 0.02874509803921571 0.027495098039215682
14 0.445625 0.36375 0.0387068965517241 0.034956896551724126
01 0.578125 0.97875 0.018728448275862064 0.014978448275862144
03 0.304375 0.328125 0.03613636363636363 0.028636363636363626
07 0.023128551136363636 0.8725 0.031242897727272727 0.05248579545454535
03 0.864375 0.71375 0.08121951219512202 0.04496951219512191
20 0.5275 0.62375 0.03498214285714285 0.02748214285714279
