10 0.6968749999999999 0.984375 0.018733552631578942 0.023733552631578947
14 0.195625 0.9668749999999999 0.01874161073825506 0.04124161073825483
00 0.255 0.244375 0.04245689655172413 0.03120689655172415
20 0.54125 0.940625 0.019994444444444426 0.01874444444444434
04 0.5425 0.735625 0.044988095238095216 0.04623809523809508
15 0.7737499999999999 0.8318749999999999 0.039992977528089946 0.07374297752808989
05 0.9375 0.720625 0.05249509803921559 0.02624509803921571
03 0.704375 0.96 0.0387068965517241 0.01745689655172411
14 0.244375 0.49 0.04872844827586209 0.03247844827586199
08 0.511875 0.8843749999999999 0.05863636363636354 0.036136363636363744
06 0.9187464488636363 0.21749999999999997 0.02749289772727259 0.08248579545454546
20 0.7 0.53 0.019969512195121997 0.014969512195121992
06 0.7462455357142856 0.8656250000000001 0.0399910714285715 0.03123214285714282
