07 0.30375 0.46875 0.01748355263157897 0.039983552631578934
03 0.711875 0.663125 0.05124161073825484 0.06624161073825507
03 0.949375 0.49874999999999997 0.046206896551724164 0.032456896551724124
20 0.018749999999999996 0.46125000000000005 0.02749444444444444 0.024994444444444486
07 0.8200000000000001 0.56375 0.0824880952380952 0.02498809523809531
16 0.58125 0.1375 0.039992977528089835 0.052492977528089874
06 0.406875 0.42000000000000004 0.02874509803921571 0.02499509803921568
08 0.35 0.935 0.02245689655172417 0.039956896551724186
07 0.1825 0.833125 0.04999999999999999 0.02372844827586218
03 0.66625 0.896875 0.1423863636363637 0.09613636363636369
03 0.084375 0.4075 0.048735795454545455 0.02998579545454544
03 0.514375 0.391875 0.03371951219512198 0.018719512195121968
