11 0.818125 0.47625 0.023733552631578947 0.019983552631578916
03 0.01375 0.860625 0.009991610738255035 0.01624161073825492
20 0.870625 0.32375 0.02120689655172414 0.019956896551724113
03 0.2493763888888889 0.13125 0.011247222222222214 0.02999444444444445
10 0.3675 0.893125 0.017488095238095247 0.013738095238095105
14 0.12875 0.965625 0.01249297752808988 0.016242977528089786
03 0.5137499999999999 0.75 0.052495098039215704 0.02249509803921579
14 0.485 0.37625 0.01745689655172411 0.04245689655172408
07 0.7512553879310344 0.2625 0.022489224137931085 0.029978448275862074
03 0.680625 0.050625 0.01363636363636378 0.03613636363636363
08 0.18 0.7375 0.01498579545454548 0.029985795454545383
