05 0.39749999999999996 0.7525 0.03748355263157893 0.03748355263157899
08 0.43374999999999997 0.55875 0.03249161073825507 0.024991610738255066
10 0.052500000000000005 0.84625 0.027456896551724147 0.05245689655172414
03 0.25625 0.05875 0.03249444444444444 0.04499444444444443
08 0.024999999999999998 0.28874999999999995 0.03248809523809523 0.04498809523809527
18 0.869375 0.188125 0.0312429775280898 0.03374297752808983
00 0.64625 0.48124999999999996 0.042495098039215695 0.03499509803921569
15 0.89125 0.760625 0.03495689655172418 0.07620689655172419
18 0.785 0.7875 0.032478448275862215 0.03497844827586216
01 0.42625 0.151875 0.0323863636363636 0.03613636363636363
