08 0.023125 0.72 0.006233552631578945 0.039983552631578934
12 0.763125 0.14500000000000002 0.02374161073825498 0.024991610738255038
03 0.19874999999999998 0.370625 0.05745689655172412 0.016206896551724137
20 0.18312499999999998 0.198125 0.01374444444444442 0.011244444444444418
03 0.8518749999999999 0.35625 0.01623809523809505 0.06998809523809524
03 0.39625 0.07375 0.019992977528089817 0.04749297752808989
15 0.8150012254901962 0.1825 0.032497549019607885 0.019995098039215675
14 0.815625 0.309375 0.036206896551724044 0.026206896551724146
08 0.02125 0.224375 0.00997844827586207 0.01372844827586206
11 0.369375 0.835 0.03113636363636363 0.019886363636363757
05 0.1775 0.340625 0.03498579545454547 0.02123579545454546
18 0.9393750000000001 0.26187499999999997 0.013719512195122019 0.01621951219512202
19 0.351875 0.246875 0.02123214285714281 0.031232142857142847
03 0.11125 0.930625 0.02248750000000002 0.023737500000000078
