01 0.8343750000000001 0.02375 0.02123355263157889 0.017483552631578945
03 0.831875 0.845625 0.02374161073825487 0.021241610738254924
11 0.50625 0.66 0.02245689655172417 0.01745689655172411
07 0.9156249999999999 0.135625 0.04874444444444437 0.023744444444444457
14 0.486875 0.81625 0.016238095238095274 0.0399880952380951
03 0.745625 0.025625000000000002 0.01374297752808984 0.021242977528089887
02 0.29125 0.4375 0.027495098039215682 0.017495098039215673
01 0.289375 0.81 0.016206896551724137 0.01745689655172422
14 0.22375 0.663125 0.022478448275862067 0.036228448275862246
03 0.15687500000000001 0.9312499999999999 0.06363636363636366 0.02738636363636371
