20 0.12312499999999998 0.264375 0.023733552631578933 0.023733552631579002
02 0.7124999999999999 0.37124999999999997 0.014991610738254946 0.04249161073825508
01 0.051250000000000004 0.950625 0.017456896551724145 0.011206896551724133
07 0.04625 0.9612486111111112 0.01999444444444444 0.02999722222222212
03 0.504375 0.745 0.013738095238095271 0.044988095238095216
14 0.36 0.793125 0.009992977528089864 0.028742977528089853
01 0.473125 0.28500000000000003 0.033745098039215715 0.02499509803921568
07 0.08 0.18623922413793104 0.07995689655172414 0.039978448275862055
04 0.736875 0.1875 0.0337284482758623 0.024978448275862042
13 0.8262499999999999 0.954375 0.14988636363636376 0.036136363636363744
20 0.12937500000000002 0.48625 0.011235795454545477 0.01498579545454548
