01 0.57125 0.59125 0.01748355263157897 0.01748355263157897
08 0.400625 0.67125 0.008741610738255079 0.022491610738254897
01 0.919375 0.7931250000000001 0.01370689655172408 0.01370689655172408
15 0.7168749999999999 0.23125 0.01124444444444428 0.019994444444444426
01 0.625 0.5 0.01498809523809519 0.012488095238095243
03 0.40312499999999996 0.139375 0.01624297752808984 0.0187429775280899
07 0.16375 0.474375 0.03499509803921569 0.023745098039215706
10 0.169375 0.89 0.02120689655172414 0.01745689655172411
01 0.615625 0.670625 0.026228448275862126 0.021228448275862233
00 0.83875 0.953125 0.02738636363636382 0.018636363636363784
20 0.6775 0.019375000000000003 0.019985795454545263 0.02123579545454546
18 0.90125 0.37187499999999996 0.014969512195121881 0.018719512195121968
10 0.8218749999999999 0.096875 0.02123214285714281 0.018732142857142864
