03 0.405625 0.11124588815789474 0.038733552631578905 0.019991776315789467
03 0.15250000000000002 0.73875 0.03999161073825505 0.04999161073825498
03 0.771875 0.275 0.046206896551724164 0.04995689655172414
11 0.7112499999999999 0.259375 0.03249444444444427 0.028744444444444406
18 0.045 0.6056250000000001 0.024988095238095233 0.026238095238095283
04 0.400625 0.52875 0.041242977528089864 0.02499297752808982
14 0.08812500000000001 0.054375 0.0762450980392157 0.016245098039215686
15 0.30125 0.70375 0.02745689655172412 0.04745689655172414
20 0.6174999999999999 0.38312500000000005 0.024978448275862042 0.021228448275862066
03 0.53625 0.543125 0.03488636363636366 0.02863636363636357
