14 0.531875 0.06437500000000002 0.043733552631578965 0.03373355263157897
03 0.255 0.160625 0.024991610738255066 0.033741610738255046
20 0.503125 0.051875 0.01370689655172408 0.011206896551724146
10 0.476875 0.74125 0.02874444444444446 0.02499444444444432
03 0.31 0.25125 0.02498809523809531 0.07248809523809527
01 0.845625 0.44875 0.028742977528089853 0.024992977528089877
03 0.105 0.67875 0.032495098039215686 0.02999509803921574
07 0.515 0.09874999999999999 0.014956896551724164 0.06245689655172412
15 0.416875 0.779375 0.03122844827586202 0.03372844827586219
01 0.186875 0.62375 0.018636363636363645 0.022386363636363593
07 0.1275 0.6975 0.08248579545454549 0.1374857954545453
