06 0.7650041118421053 0.514375 0.034991776315789425 0.07873355263157894
08 0.309375 0.9768749999999999 0.03624161073825505 0.013741610738254972
14 0.463125 0.88125 0.023706896551724144 0.05995689655172409
11 0.735625 0.56 0.04624444444444431 0.0374944444444445
05 0.7887500000000001 0.048125 0.03998809523809521 0.023738095238095232
20 0.44125000000000003 0.796875 0.03999297752808989 0.0312429775280898
04 0.52125 0.435 0.024995098039215735 0.024995098039215735
04 0.429375 0.546875 0.0387068965517241 0.028706896551724093
06 0.4343803879310345 0.040625 0.076239224137931 0.07122844827586207
13 0.5081249999999999 0.695625 0.12863636363636355 0.1836363636363636
06 0.423125 0.22125 0.021235795454545514 0.0924857954545455
20 0.936875 0.27437500000000004 0.023719512195121917 0.023719512195121972
14 0.901875 0.145625 0.0637321428571429 0.04373214285714286
06 0.7224999999999999 0.42562500000000003 0.07748750000000004 0.018737500000000018
