14 0.921875 0.208125 0.011233552631578991 0.033733552631578956
12 0.7381249999999999 0.5874999999999999 0.028741610738254875 0.02999161073825507
03 0.24625000000000002 0.22375 0.022456896551724143 0.019956896551724113
03 0.671875 0.78 0.018744444444444452 0.02499444444444432
15 0.265625 0.021249999999999998 0.013738095238095216 0.03248809523809523
11 0.05375 0.53125 0.019992977528089886 0.01749297752808987
07 0.3275 0.506875 0.02499509803921568 0.021245098039215704
03 0.6231249999999999 0.180625 0.011206896551724133 0.013706896551724135
14 0.6593803879310345 0.964375 0.011239224137931103 0.028728448275862184
12 0.520625 0.744375 0.026136363636363624 0.028636363636363793
20 0.88375 0.37312500000000004 0.017485795454545316 0.018735795454545456
