10 0.245 0.585 0.01748355263157897 0.012483552631578854
11 0.82375 0.47875 0.022491610738254897 0.01749161073825506
03 0.34687500000000004 0.7012499999999999 0.028706896551724148 0.03495689655172407
00 0.55125 0.845 0.022494444444444484 0.019994444444444315
06 0.7525 0.235625 0.034988095238095096 0.046238095238095245
06 0.8512500000000001 0.839375 0.009992977528089919 0.018742977528089844
09 0.56125 0.625625 0.024995098039215735 0.02624509803921571
01 0.7206250000000001 0.54125 0.011206896551724133 0.012456896551724217
04 0.618125 0.7175 0.021228448275862122 0.01997844827586226
15 0.3325 0.451875 0.03238636363636366 0.018636363636363618
