04 0.703125 0.233125 0.023733552631578947 0.02623355263157895
16 0.298125 0.39375 0.03624161073825505 0.024991610738255066
15 0.600625 0.46687500000000004 0.018706896551724195 0.0362068965517241
03 0.59625 0.008125 0.014994444444444421 0.013744444444444445
20 0.98 0.266875 0.01498809523809519 0.01123809523809527
08 0.688125 0.78625 0.018742977528089844 0.019992977528089817
00 0.8125 0.4675 0.017495098039215673 0.01749509803921573
14 0.026875000000000003 0.441875 0.013706896551724138 0.023706896551724144
02 0.74 0.939375 0.024978448275862153 0.02372844827586218
04 0.013749999999999998 0.919375 0.022386363636363635 0.018636363636363673
03 0.458125 0.5137499999999999 0.028735795454545465 0.022485795454545543
10 0.18937500000000002 0.514375 0.021219512195121998 0.02121951219512197
03 0.021875000000000002 0.160625 0.03623214285714286 0.021232142857142866
