06 0.7893749999999999 0.285 0.10623355263157885 0.08248355263157892
18 0.351875 0.16999999999999998 0.021241610738255035 0.024991610738255038
19 0.8987499999999999 0.230625 0.014956896551724053 0.02120689655172414
03 0.9525 0.074375 0.03499444444444433 0.036244444444444454
03 0.173125 0.42937499999999995 0.026238095238095283 0.07623809523809527
03 0.96625 0.9081250000000001 0.029992977528089937 0.036242977528089804
03 0.23562499999999997 0.35062499999999996 0.06874509803921566 0.03874509803921572
04 0.063125 0.749375 0.03370689655172415 0.0387068965517241
14 0.14875 0.13624999999999998 0.029978448275862074 0.022478448275862067
06 0.451875 0.8231250000000001 0.011136363636363555 0.036136363636363744
