03 0.2025 0.5375 0.05998355263157898 0.07498355263157896
00 0.22 0.639375 0.03999161073825502 0.03374161073825499
18 0.201875 0.4325 0.023706896551724144 0.02745689655172412
03 0.65875 0.203125 0.012494444444444253 0.031244444444444408
06 0.778125 0.263125 0.028738095238095118 0.026238095238095283
03 0.48624999999999996 0.51625 0.029992977528089826 0.044992977528089895
14 0.49 0.84125 0.02999509803921563 0.052495098039215704
03 0.46687500000000004 0.04 0.0362068965517241 0.03745689655172414
09 0.15125 0.18312499999999998 0.049978448275862064 0.03622844827586205
10 0.26125 0.7875 0.039886363636363636 0.03238636363636371
