08 0.308125 0.37625 0.013733552631578994 0.017483552631578914
10 0.61625 0.04125 0.01999161073825506 0.01749161073825503
11 0.67625 0.43374999999999997 0.022456896551724115 0.02245689655172417
08 0.37312500000000004 0.2125 0.018744444444444508 0.029994444444444435
06 0.04 0.07875 0.029988095238095234 0.08998809523809523
01 0.53375 0.956875 0.014992977528089813 0.016242977528089897
20 0.265625 0.448125 0.018745098039215646 0.021245098039215704
00 0.631875 0.47562499999999996 0.028706896551724093 0.023706896551724144
03 0.59875 0.39875000000000005 0.014978448275862144 0.04247844827586206
20 0.655 0.9918750000000001 0.019886363636363757 0.01363636363636378
04 0.034375 0.6087499999999999 0.023735795454545454 0.02498579545454549
13 0.40936737804878054 0.535625 0.05373475609756101 0.04121951219512199
08 0.32499999999999996 0.471875 0.027482142857142844 0.016232142857142806
