09 0.74875 0.16562500000000002 0.029983552631578925 0.02873355263157898
08 0.74125 0.41375 0.032491610738254906 0.02999161073825507
20 0.740625 0.21687499999999998 0.016206896551724137 0.01870689655172411
04 0.8825000000000001 0.28500000000000003 0.029994444444444324 0.027494444444444432
03 0.7581220238095238 0.6812499999999999 0.03624404761904754 0.034988095238095096
04 0.375 0.554375 0.03749297752808989 0.028742977528089853
06 0.85875 0.946875 0.08249509803921562 0.04874509803921567
03 0.053750000000000006 0.3125 0.02495689655172415 0.032456896551724124
13 0.633125 0.105 0.09122844827586207 0.07747844827586206
16 0.353125 0.7068749999999999 0.04863636363636359 0.036136363636363744
03 0.82375 0.295625 0.027485795454545325 0.031235795454545467
15 0.198125 0.466875 0.023719512195121972 0.03121951219512198
