18 0.35625 0.54375 0.02498355263157892 0.027483552631578978
03 0.566875 0.961875 0.03624161073825505 0.04374161073825489
20 0.9143749999999999 0.58875 0.0337068965517241 0.029956896551724066
05 0.211875 0.84625 0.04124444444444442 0.029994444444444324
06 0.22312500000000002 0.868125 0.02123809523809525 0.023738095238095114
05 0.935625 0.816875 0.03874297752808986 0.043742977528089866
06 0.115 0.30125 0.009995098039215694 0.11749509803921568
08 0.924375 0.18562499999999998 0.026206896551724035 0.05870689655172415
08 0.49812500000000004 0.30625 0.05372844827586204 0.024978448275862097
18 0.52125 0.40875 0.02488636363636365 0.027386363636363598
20 0.6562499999999999 0.859375 0.03248579545454544 0.021235795454545237
10 0.9437500000000001 0.278125 0.03746951219512196 0.03121951219512198
20 0.900625 0.393125 0.02373214285714287 0.016232142857142806
