06 0.40250411184210527 0.499375 0.02999177631578942 0.1437335526315789
18 0.14250000000000002 0.85875 0.03749161073825505 0.03999161073825497
06 0.428125 0.41812499999999997 0.11120689655172417 0.10870689655172411
06 0.16999999999999998 0.5575 0.03749444444444444 0.039994444444444444
04 0.41812499999999997 0.6399999999999999 0.046238095238095245 0.047488095238095274
03 0.06125 0.620625 0.06249297752808988 0.028742977528089853
05 0.395625 0.445625 0.05124509803921573 0.04874509803921567
13 0.8731249999999999 0.35375 0.0962068965517241 0.08745689655172412
03 0.61875 0.09 0.04747844827586212 0.04497844827586206
13 0.6525000000000001 0.501875 0.07238636363636364 0.1186363636363636
