06 0.963125 0.049375 0.04623355263157891 0.02623355263157895
03 0.840625 0.105625 0.021241610738254924 0.033741610738255046
06 0.278125 0.09687499999999999 0.07870689655172414 0.018706896551724125
03 0.961875 0.896875 0.03624444444444441 0.031244444444444408
02 0.6612499999999999 0.916875 0.09498809523809515 0.07623809523809522
14 0.77875 0.3825 0.02499297752808982 0.029992977528089826
20 0.60625 0.233125 0.03749509803921569 0.031245098039215713
20 0.79125 0.4925 0.02745689655172412 0.022456896551724115
08 0.7125 0.6856249999999999 0.02997844827586227 0.05122844827586215
03 0.2575 0.7375 0.04238636363636364 0.04488636363636378
20 0.35625 0.7 0.037485795454545445 0.024985795454545268
14 0.393125 0.749375 0.03871951219512193 0.03121951219512198
