04 0.04375 0.379375 0.024983552631578955 0.016233552631578885
12 0.805625 0.406875 0.028741610738254875 0.031241610738255043
03 0.10250000000000001 0.940625 0.039956896551724116 0.036206896551724044
04 0.7731250000000001 0.64625 0.02874444444444435 0.019994444444444426
09 0.135 0.858125 0.024988095238095226 0.041238095238095074
08 0.5218750000000001 0.11249999999999999 0.023742977528089848 0.019992977528089886
19 0.178125 0.9825 0.023745098039215706 0.027495098039215682
03 0.784375 0.676875 0.0337068965517241 0.01370689655172419
03 0.255625 0.6599999999999999 0.01622844827586209 0.024978448275862264
12 0.21000000000000002 0.8574999999999999 0.029886363636363683 0.03488636363636377
03 0.24375 0.401875 0.01998579545454543 0.02123579545454546
