10 0.495 0.45687500000000003 0.027483552631578867 0.02623355263157895
08 0.03625 0.770625 0.04249161073825503 0.026241610738254817
20 0.245 0.186875 0.01995689655172414 0.013706896551724107
18 0.158125 0.70625 0.02624444444444446 0.027494444444444377
03 0.098125 0.5675 0.03873809523809524 0.04248809523809527
12 0.56875 0.211875 0.03749297752808989 0.041242977528089864
11 0.48250000000000004 0.700625 0.03999509803921569 0.03374509803921566
06 0.44937499999999997 0.875 0.031206896551724095 0.03495689655172418
07 0.744375 0.19125 0.018728448275862286 0.04497844827586206
04 0.86375 0.528125 0.03238636363636371 0.026136363636363513
11 0.1075 0.455625 0.03498579545454547 0.031235795454545467
