14 0.39125 0.794375 0.014983552631578911 0.023733552631578836
12 0.8812500000000001 0.843125 0.0274916107382549 0.0537416107382549
05 0.75125 0.615 0.022456896551724115 0.01745689655172411
18 0.14500000000000002 0.06125 0.012494444444444447 0.014994444444444442
06 0.9475 0.105625 0.01498809523809519 0.026238095238095227
03 0.745625 0.30625 0.046242977528089924 0.027492977528089824
07 0.2912512254901961 0.014375 0.012497549019607812 0.026245098039215688
20 0.618125 0.08562499999999999 0.016206896551724137 0.013706896551724135
20 0.29375 0.39875 0.01747844827586209 0.014978448275862033
07 0.970625 0.46375 0.02113636363636373 0.014886363636363642
03 0.580625 0.7893749999999999 0.02123579545454557 0.051235795454545374
08 0.895 0.29000000000000004 0.027469512195121948 0.034969512195121955
