08 0.441875 0.34875 0.07373355263157894 0.05498355263157895
03 0.7206229026845637 0.9456249999999999 0.016245805369127453 0.043741610738255
14 0.024375 0.45 0.026206896551724135 0.0649568965517241
13 0.348125 0.10312500000000001 0.1262444444444445 0.06624444444444447
01 0.965 0.41812499999999997 0.019988095238095083 0.018738095238095276
15 0.455625 0.12 0.04874297752808987 0.019992977528089872
15 0.29249877450980394 0.66625 0.012497549019607868 0.01249509803921578
09 0.10125 0.6643749999999999 0.04245689655172412 0.043706896551724106
19 0.27375 0.734375 0.03497844827586205 0.02372844827586218
19 0.745 0.206875 0.01738636363636381 0.018636363636363673
03 0.96125 0.768125 0.017485795454545316 0.041235795454545365
