14 0.45687500000000003 0.27375 0.01623355263157894 0.039983552631578934
13 0.6812499999999999 0.705625 0.09999161073825491 0.03374161073825499
03 0.8225 0.54 0.06245689655172404 0.04245689655172413
03 0.760625 0.5375000000000001 0.016244444444444284 0.06249444444444452
03 0.1075 0.919375 0.03248809523809523 0.06873809523809504
13 0.624375 0.8731249999999999 0.09124297752808985 0.06624297752808983
08 0.28375 0.9337500000000001 0.024995098039215735 0.03999509803921575
03 0.138125 0.9675 0.03620689655172414 0.04745689655172414
10 0.6475 0.544375 0.04497844827586206 0.03122844827586213
10 0.520625 0.878125 0.033636363636363686 0.018636363636363673
12 0.365 0.11375 0.059985795454545465 0.04248579545454548
02 0.615 0.265 0.039969512195122014 0.027469512195122003
