20 0.5862499999999999 0.791875 0.027483552631578978 0.026233552631578894
08 0.6075 0.6699999999999999 0.034991610738255075 0.03749161073825491
03 0.746875 0.315625 0.0337068965517241 0.06870689655172413
03 0.06125 0.936875 0.014994444444444442 0.04124444444444442
03 0.5862499999999999 0.12187500000000001 0.02498809523809531 0.018738095238095234
10 0.36687499999999995 0.06 0.02624297752808985 0.01749297752808989
06 0.11812500000000001 0.47562499999999996 0.1212450980392157 0.031245098039215657
12 0.586875 0.140625 0.04120689655172416 0.04120689655172412
15 0.379375 0.8674999999999999 0.021228448275862066 0.049978448275862175
13 0.763125 0.36312500000000003 0.008636363636363664 0.03613636363636358
