08 0.8687499999999999 0.9450000000000001 0.019983552631578916 0.05998355263157895
20 0.06937499999999999 0.833125 0.021241610738255028 0.021241610738254924
03 0.59875 0.58 0.08995689655172412 0.08995689655172412
06 0.739375 0.6399999999999999 0.0837444444444444 0.027494444444444377
08 0.743125 0.04625 0.03873809523809513 0.024988095238095233
08 0.33125 0.6325000000000001 0.05999297752808985 0.029992977528089937
04 0.066875 0.47250000000000003 0.041245098039215694 0.03499509803921569
07 0.495 0.0775 0.15745689655172418 0.11745689655172413
03 0.660625 0.210625 0.03122844827586224 0.08372844827586204
14 0.111875 0.450625 0.03113636363636363 0.051136363636363646
