04 0.39375 0.193125 0.02498355263157892 0.026233552631578977
18 0.01125 0.056874999999999995 0.014991610738255034 0.016241610738255023
08 0.479375 0.513125 0.023706896551724088 0.023706896551724088
03 0.380625 0.28500000000000003 0.023744444444444512 0.02999444444444438
03 0.461875 0.41812499999999997 0.026238095238095283 0.018738095238095276
04 0.056875 0.655 0.02374297752808989 0.02499297752808982
07 0.878125 0.155 0.04374509803921567 0.0499950980392157
15 0.7793749999999999 0.27437500000000004 0.01370689655172408 0.031206896551724095
05 0.86 0.7762500000000001 0.032478448275862215 0.0174784482758622
04 0.206875 0.575 0.02613636363636368 0.01738636363636359
03 0.7106250000000001 0.76625 0.011235795454545339 0.027485795454545325
04 0.0275 0.74125 0.02246951219512195 0.019969512195121997
