00 0.645 0.081875 0.039983552631578934 0.028733552631578937
03 0.1625 0.120625 0.052491610738255035 0.05874161073825504
12 0.93125 0.251875 0.039956896551724075 0.043706896551724134
20 0.9450000000000001 0.37812500000000004 0.027494444444444377 0.028744444444444517
19 0.875625 0.67125 0.041238095238095074 0.03498809523809521
20 0.4525 0.6681250000000001 0.022492977528089875 0.023742977528089848
03 0.553125 0.796875 0.07124509803921564 0.046245098039215726
03 0.9524999999999999 0.6575 0.012456896551724106 0.032456896551724124
08 0.6325000000000001 0.301875 0.04747844827586212 0.016228448275862062
03 0.6775 0.5531250000000001 0.06238636363636374 0.07363636363636361
03 0.48125 0.7875000000000001 0.029985795454545494 0.03248579545454533
13 0.1975 0.62375 0.049969512195121996 0.04496951219512202
17 0.9143749999999999 0.829375 0.04123214285714283 0.03873214285714288
18 0.44937499999999997 0.22125 0.02623749999999997 0.027487499999999998
