03 0.584375 0.33187500000000003 0.026233552631578894 0.021233552631578945
13 0.270625 0.9424999999999999 0.021241610738255035 0.0899916107382549
05 0.705625 0.671875 0.018706896551724195 0.01370689655172419
00 0.818125 0.47625 0.0212444444444444 0.019994444444444537
08 0.474375 0.06125 0.07373809523809527 0.027488095238095228
03 0.195625 0.08812500000000001 0.02624297752808985 0.021242977528089887
08 0.781875 0.8981250000000001 0.018745098039215646 0.013745098039215642
05 0.9762500000000001 0.58 0.019956896551724168 0.01745689655172411
09 0.32125000000000004 0.53625 0.017478448275862035 0.024978448275862153
20 0.6825 0.075625 0.019886363636363757 0.01613636363636363
03 0.52 0.543125 0.01748579545454554 0.01123579545454545
06 0.526875 0.855 0.06621951219512201 0.019969512195121997
03 0.5237499999999999 0.284375 0.049982142857142864 0.02123214285714281
18 0.035625 0.2825 0.011237499999999997 0.01248750000000004
