03 0.35625 0.45687500000000003 0.019983552631578916 0.021233552631578945
07 0.034375 0.08937500000000001 0.02374161073825503 0.036241610738255034
13 0.896885775862069 0.75 0.04122844827586203 0.024956896551724173
03 0.8025 0.833125 0.03249444444444438 0.0212444444444444
07 0.06687202380952381 0.11875 0.04124404761904761 0.019988095238095235
14 0.05875 0.39812499999999995 0.032492977528089884 0.01624297752808984
06 0.029375000000000002 0.10124999999999999 0.04374509803921569 0.05999509803921568
18 0.185 0.58875 0.014956896551724108 0.01745689655172411
08 0.3737446120689655 0.2375 0.03748922413793104 0.027478448275862072
07 0.479375 0.46375 0.033636363636363575 0.01738636363636359
07 0.18937144886363638 0.23 0.04374289772727272 0.05498579545454546
06 0.4725 0.3518673780487805 0.06996951219512193 0.02123475609756098
04 0.335625 0.8425 0.02373214285714287 0.01748214285714278
06 0.16375 0.43875 0.044987500000000014 0.02248750000000005
