20 0.731875 0.458125 0.023733552631578836 0.018733552631578942
08 0.6625000000000001 0.7962499999999999 0.014991610738254946 0.05749161073825493
10 0.06687499999999999 0.5225 0.03370689655172414 0.02495689655172406
08 0.8875 0.9175 0.027494444444444377 0.019994444444444426
03 0.7375 0.148125 0.07248809523809518 0.02873809523809523
06 0.19187500000000002 0.659375 0.01874297752808987 0.0887429775280898
03 0.290625 0.090625 0.033745098039215715 0.03874509803921569
08 0.291875 0.254364224137931 0.053706896551724115 0.03622844827586205
15 0.050625 0.953125 0.04372844827586207 0.04872844827586231
19 0.271875 0.540625 0.04113636363636369 0.026136363636363624
