06 0.6174999999999999 0.23125 0.08998355263157898 0.014983552631578995
03 0.28375 0.946875 0.03999161073825508 0.03374161073825488
02 0.40312499999999996 0.13375 0.01870689655172414 0.029956896551724135
02 0.2362513888888889 0.41125 0.09999722222222221 0.0399944444444445
06 0.805625 0.475 0.0762380952380951 0.022488095238095307
03 0.2 0.5625 0.02499297752808985 0.024992977528089932
03 0.630623774509804 0.568125 0.026247549019607797 0.03624509803921572
15 0.22125 0.650625 0.02995689655172412 0.02120689655172414
03 0.7975 0.54375 0.022478448275862206 0.029978448275862046
03 0.46875 0.6300000000000001 0.06988636363636358 0.02738636363636371
18 0.260625 0.549375 0.018735795454545512 0.02123579545454557
08 0.89625 0.9237500000000001 0.03746951219512207 0.04496951219512202
04 0.599375 0.4175 0.03123214285714282 0.02498214285714284
20 0.62625 0.8631249999999999 0.022487499999999994 0.018737499999999963
