03 0.266875 0.34812499999999996 0.08873355263157895 0.061233552631578925
06 0.35624999999999996 0.266875 0.13249161073825505 0.05124161073825503
07 0.56125 0.28625 0.07995689655172411 0.032456896551724124
01 0.498125 0.66625 0.033744444444444466 0.03249444444444438
10 0.819375 0.69 0.03623809523809507 0.034988095238095096
20 0.045625 0.238125 0.05624297752808988 0.05124297752808987
11 0.21375 0.5137499999999999 0.062495098039215685 0.032495098039215686
14 0.813125 0.415625 0.06620689655172418 0.03870689655172416
04 0.855 0.715 0.05247844827586223 0.032478448275862215
03 0.81625 0.8975 0.04238636363636372 0.03738636363636372
