08 0.8500000000000001 0.39625 0.029983552631578925 0.07998355263157891
03 0.360625 0.909375 0.013741610738255028 0.11874161073825495
06 0.448125 0.921875 0.09120689655172409 0.15620689655172404
08 0.8275 0.30374999999999996 0.09249444444444443 0.027494444444444432
09 0.58 0.234375 0.05248809523809528 0.04623809523809527
18 0.375 0.895 0.039992977528089835 0.04249297752808978
18 0.61875 0.8625 0.034995098039215744 0.03749509803921569
12 0.26625 0.5462499999999999 0.05745689655172412 0.06245689655172415
20 0.576875 0.234375 0.026228448275862015 0.016228448275862062
05 0.37375 0.23875000000000002 0.03238636363636355 0.06488636363636369
14 0.82625 0.791875 0.05748579545454535 0.05623579545454538
