06 0.684375 0.598125 0.04623355263157891 0.02123355263157889
18 0.880625 0.31937499999999996 0.021241610738254924 0.023741610738255037
03 0.586875 0.5075000000000001 0.028706896551724093 0.022456896551724115
18 0.635 0.14 0.012494444444444475 0.014994444444444449
01 0.07 0.34875 0.014988095238095231 0.009988095238095296
03 0.07062500000000001 0.133125 0.03124297752808989 0.0362429775280899
20 0.701875 0.805625 0.0162450980392157 0.011245098039215695
12 0.038125000000000006 0.5975 0.03870689655172414 0.03745689655172413
04 0.44125000000000003 0.934375 0.024978448275862097 0.026228448275862237
01 0.043125 0.25625 0.013636363636363634 0.014886363636363698
03 0.47187500000000004 0.098125 0.013735795454545452 0.03373579545454547
00 0.811875 0.31375 0.028719512195122032 0.01996951219512194
00 0.6525 0.01375 0.02748214285714279 0.027482142857142858
