18 0.17375000000000002 0.858125 0.017483552631578997 0.02123355263157889
03 0.14125 0.6956249999999999 0.022491610738255036 0.04874161073825489
18 0.6243749999999999 0.296875 0.02120689655172414 0.023706896551724088
01 0.685625 0.034999999999999996 0.023744444444444346 0.02499444444444444
08 0.96875 0.780625 0.02998809523809509 0.041238095238095074
03 0.245 0.9725 0.022492977528089847 0.019992977528089817
09 0.468125 0.520625 0.023745098039215706 0.03624509803921572
03 0.590625 0.9293750000000001 0.016206896551724137 0.023706896551724088
04 0.8875 0.105 0.02747844827586221 0.022478448275862067
15 0.2844034090909091 0.39375000000000004 0.011193181818181797 0.014886363636363587
19 0.04625 0.059375 0.022485795454545453 0.036235795454545444
13 0.9281250000000001 0.59625 0.04621951219512199 0.024969512195122
