02 0.6606208881578948 0.27875 0.0412417763157894 0.04998355263157894
04 0.37875000000000003 0.96625 0.03499161073825502 0.03749161073825491
01 0.579375 0.8981250000000001 0.02120689655172414 0.023706896551724088
13 0.21125 0.348125 0.07749444444444442 0.03374444444444452
05 0.593125 0.81 0.01873809523809533 0.04748809523809505
06 0.961875 0.660625 0.0212429775280899 0.043742977528089866
18 0.653125 0.064375 0.02374509803921565 0.026245098039215688
20 0.08812500000000001 0.028749999999999998 0.031206896551724136 0.02245689655172414
15 0.905 0.7506250000000001 0.0174784482758622 0.03872844827586219
03 0.9068750000000001 0.133125 0.026136363636363735 0.028636363636363626
