03 0.79125 0.5843750000000001 0.017483552631578858 0.02123355263157889
07 0.2 0.113125 0.04249161073825505 0.013741610738255042
03 0.850625 0.335625 0.023706896551724088 0.026206896551724146
04 0.16499999999999998 0.34125 0.029994444444444462 0.019994444444444537
03 0.483125 0.8106249999999999 0.036238095238095236 0.04373809523809513
06 0.1725 0.73125 0.017492977528089843 0.022492977528089875
08 0.786875 0.13874999999999998 0.04374509803921578 0.022495098039215705
13 0.930625 0.693125 0.05620689655172406 0.07120689655172407
03 0.67625 0.22062500000000002 0.04747844827586223 0.03372844827586205
08 0.101875 0.5531250000000001 0.023636363636363636 0.03113636363636363
01 0.724375 0.298125 0.031235795454545245 0.028735795454545465
