03 0.1875 0.17812499999999998 0.04248355263157899 0.021233552631578972
14 0.973125 0.47187500000000004 0.026241610738254928 0.03874161073825505
13 0.668125 0.823125 0.04870689655172411 0.1587068965517242
10 0.12937500000000002 0.23625 0.01874444444444448 0.017494444444444424
03 0.34375 0.788125 0.017488095238095247 0.031238095238095176
14 0.256875 0.215625 0.02874297752808988 0.03374297752808986
06 0.854375 0.36 0.03374509803921577 0.08999509803921568
06 0.06812499999999999 0.708125 0.07620689655172413 0.04370689655172422
03 0.905 0.9575 0.042478448275862224 0.03747844827586222
11 0.13124999999999998 0.3425 0.027386363636363625 0.02238636363636365
