03 0.93875 0.9075 0.03498355263157893 0.019983552631578916
04 0.9512499999999999 0.905625 0.024991610738254955 0.02374161073825487
03 0.405 0.45999999999999996 0.012456896551724161 0.034956896551724126
12 0.61 0.33437500000000003 0.047494444444444506 0.043744444444444475
04 0.6712499999999999 0.43937499999999996 0.02248809523809514 0.018738095238095276
03 0.9075 0.888125 0.019992977528089817 0.04874297752808976
03 0.17437622549019607 0.56125 0.016247549019607843 0.027495098039215682
18 0.44625000000000004 0.30874999999999997 0.017456896551724166 0.019956896551724113
05 0.045 0.5800000000000001 0.03997844827586206 0.022478448275862095
06 0.36875 0.219375 0.052386363636363564 0.06613636363636366
