03 0.578125 0.11124999999999999 0.041233552631578796 0.06748355263157894
08 0.536875 0.155625 0.018741610738254977 0.06874161073825505
06 0.231875 0.494375 0.033706896551724125 0.026206896551724146
14 0.9375 0.535 0.027494444444444266 0.047494444444444506
03 0.763125 0.20937499999999998 0.023738095238095114 0.05123809523809528
03 0.618125 0.90125 0.04874297752808987 0.02749297752808988
04 0.6825000000000001 0.406875 0.042495098039215695 0.02874509803921571
02 0.313125 0.6956249999999999 0.06370689655172412 0.04870689655172422
08 0.8025 0.08937500000000001 0.012478448275862197 0.026228448275862057
07 0.846875 0.544375 0.05613636363636376 0.061136363636363655
18 0.8087500000000001 0.05375 0.024985795454545268 0.02748579545454545
05 0.5700000000000001 0.105 0.024969512195122 0.04996951219512194
