06 0.364375 0.685 0.01123355263157888 0.0774835526315788
08 0.7525 0.918125 0.0274916107382549 0.09374161073825493
06 0.93875 0.28625 0.012456896551724106 0.03995689655172413
05 0.033125 0.35562499999999997 0.013744444444444441 0.02624444444444446
03 0.075625 0.28875 0.018738095238095234 0.017488095238095247
02 0.23625 0.864375 0.03249297752808983 0.02124297752808979
11 0.289375 0.609375 0.02374509803921565 0.018745098039215646
03 0.83875 0.6875 0.02745689655172412 0.024956896551724173
05 0.034999999999999996 0.44875 0.024978448275862066 0.03247844827586205
08 0.055624999999999994 0.709375 0.04363636363636363 0.033636363636363686
18 0.904375 0.250625 0.016235795454545343 0.018735795454545484
06 0.915 0.40249999999999997 0.05496951219512203 0.007469512195121986
03 0.79375 0.25125 0.03248214285714279 0.02998214285714282
03 0.8975 0.040624999999999994 0.03748750000000001 0.018737499999999997
