13 0.150625 0.8374999999999999 0.05373355263157896 0.03248355263157887
07 0.45499999999999996 0.77625 0.012491610738255055 0.03999161073825497
07 0.979375 0.9143749999999999 0.026206896551724146 0.01370689655172408
04 0.521875 0.8687499999999999 0.026244444444444515 0.019994444444444315
04 0.9862500000000001 0.55875 0.024988095238095087 0.012488095238095243
03 0.705 0.391875 0.01749297752808987 0.023742977528089904
18 0.638125 0.814375 0.013745098039215642 0.0162450980392157
10 0.81375 0.379375 0.022456896551724115 0.023706896551724144
03 0.329375 0.46125 0.031228448275862075 0.029978448275862046
20 0.575 0.06875 0.027386363636363598 0.019886363636363633
03 0.77125 0.1725 0.04248579545454534 0.02248579545454546
06 0.0275 0.7012499999999999 0.02246951219512195 0.027469512195121948
06 0.4237544642857143 0.584375 0.02249107142857143 0.0687321428571428
