11 0.6074999999999999 0.864375 0.03248355263157887 0.03873355263157885
06 0.2425 0.14125 0.029991610738255042 0.02749161073825504
03 0.84875 0.046875 0.06745689655172415 0.03620689655172414
12 0.7975000000000001 0.54 0.03999444444444433 0.07249444444444453
06 0.14250000000000002 0.828125 0.08998809523809526 0.10623809523809502
07 0.124375 0.7475 0.031242977528089882 0.05999297752808985
18 0.47125 0.3225 0.027495098039215682 0.029995098039215684
03 0.505 0.06375 0.06495689655172415 0.037456896551724135
03 0.558125 0.5643750000000001 0.053728448275862095 0.036228448275862024
11 0.180625 0.660625 0.04363636363636364 0.03113636363636374
08 0.13125 0.935 0.05748579545454548 0.04748579545454523
03 0.443125 0.6225 0.026219512195121975 0.024969512195122
