18 0.6487499999999999 0.64125 0.019983552631578916 0.022483552631578974
01 0.318125 0.431875 0.021241610738255035 0.023741610738255037
03 0.16375 0.2875 0.022456896551724115 0.032456896551724124
14 0.74875 0.6937500000000001 0.01499444444444431 0.019994444444444315
10 0.458125 0.246875 0.018738095238095276 0.016238095238095274
05 0.606875 0.39437500000000003 0.03374297752808986 0.0187429775280899
03 0.4525 0.8987499999999999 0.017495098039215673 0.022495098039215677
03 0.6937500000000001 0.5800000000000001 0.00995689655172416 0.03495689655172407
01 0.398125 0.08125 0.01372844827586206 0.01497844827586206
01 0.671875 0.14750000000000002 0.028636363636363793 0.02238636363636362
14 0.44375 0.9 0.0374857954545455 0.019985795454545263
03 0.7250000000000001 0.22499999999999998 0.047469512195121966 0.037469512195121984
04 0.936875 0.195 0.026232142857142815 0.019982142857142837
