08 0.6168791118421053 0.74625 0.048741776315789465 0.04498355263157894
14 0.551875 0.825 0.023741610738255092 0.014991610738254946
02 0.36375 0.931239224137931 0.019956896551724113 0.03747844827586211
04 0.44937499999999997 0.294375 0.028744444444444517 0.0212444444444444
03 0.410625 0.8049999999999999 0.056238095238095254 0.08748809523809509
03 0.419375 0.333125 0.018742977528089844 0.023742977528089848
04 0.035625000000000004 0.15812500000000002 0.026245098039215684 0.031245098039215685
09 0.865625 0.8981250000000001 0.0387068965517241 0.036206896551724044
03 0.69 0.345625 0.00997844827586214 0.02372844827586207
07 0.195625 0.39125 0.011136363636363666 0.034886363636363604
06 0.15375 0.8631249999999999 0.037485795454545445 0.07373579545454534
04 0.693125 0.03125 0.033719512195121926 0.02746951219512195
20 0.62375 0.428125 0.022482142857142784 0.01623214285714286
07 0.60625 0.9525 0.00748749999999998 0.03498749999999995
