03 0.8975 0.661875 0.03498355263157893 0.0362335526315789
00 0.605625 0.12625 0.023741610738255092 0.014991610738255057
03 0.798125 0.040625 0.008706896551724075 0.016206896551724137
07 0.7781236111111111 0.135 0.021247222222222195 0.04499444444444446
00 0.953125 0.184375 0.016238095238095163 0.018738095238095248
04 0.620625 0.503125 0.02124297752808979 0.016242977528089786
11 0.975625 0.796875 0.021245098039215704 0.023745098039215762
03 0.241875 0.22875 0.03120689655172415 0.014956896551724136
08 0.624375 0.314375 0.03122844827586202 0.01372844827586206
09 0.723125 0.8674999999999999 0.033636363636363686 0.03488636363636377
06 0.98125 0.414375 0.007485795454545308 0.08373579545454546
03 0.20124999999999998 0.8062499999999999 0.03996951219512199 0.01746951219512194
