06 0.05500000000000001 0.560625 0.029983552631578952 0.026233552631578894
03 0.488125 0.73875 0.043741610738255 0.042491610738254915
03 0.50375 0.760625 0.04995689655172414 0.05120689655172406
05 0.6299999999999999 0.224375 0.02499444444444443 0.04624444444444442
20 0.596875 0.043125 0.013738095238095327 0.01623809523809524
18 0.8187500000000001 0.28375 0.02499297752808982 0.02749297752808988
15 0.048125 0.150625 0.041245098039215694 0.018745098039215674
10 0.7893749999999999 0.5037499999999999 0.036206896551724044 0.032456896551724124
20 0.7675000000000001 0.188125 0.029978448275862157 0.028728448275862045
03 0.9568749999999999 0.25625 0.036136363636363744 0.019886363636363702
03 0.586875 0.243125 0.013735795454545507 0.038735795454545474
