18 0.690625 0.388125 0.016233552631578885 0.018733552631578942
15 0.15625209731543624 0.786875 0.01999580536912754 0.013741610738254861
08 0.07875 0.023125 0.04245689655172414 0.01120689655172414
06 0.5125 0.5662499999999999 0.01749444444444448 0.022494444444444484
03 0.39937500000000004 0.88625 0.05123809523809525 0.08498809523809514
05 0.85875 0.171875 0.019992977528089817 0.021242977528089846
18 0.179375 0.393125 0.011245098039215695 0.013745098039215642
03 0.305 0.7775 0.04245689655172413 0.01745689655172411
11 0.063125 0.280625 0.02622844827586207 0.021228448275862066
13 0.263125 0.6400000000000001 0.023636363636363678 0.07238636363636364
