18 0.07625 0.38875 0.022483552631578946 0.02498355263157892
18 0.745 0.8575 0.01999161073825495 0.022491610738254897
03 0.95 0.5125 0.01745689655172411 0.039956896551724186
03 0.513125 0.9325 0.04124444444444453 0.017494444444444257
13 0.510625 0.065625 0.061238095238095314 0.09623809523809523
01 0.250625 0.766875 0.028742977528089853 0.0212429775280899
03 0.07625000000000001 0.9181250000000001 0.02249509803921569 0.021245098039215704
10 0.38875000000000004 0.358125 0.024956896551724117 0.021206896551724086
15 0.785625 0.13125 0.03122844827586224 0.03247844827586206
06 0.593125 0.24997159090909093 0.09363636363636352 0.06494318181818184
05 0.760625 0.17875000000000002 0.03623579545454536 0.019985795454545457
