15 0.8899999999999999 0.56125 0.04248355263157888 0.022483552631578863
01 0.333125 0.486875 0.02874161073825504 0.028741610738255097
03 0.36 0.9606250000000001 0.024956896551724117 0.023706896551724088
06 0.9481250000000001 0.625 0.03874444444444436 0.027494444444444488
03 0.395 0.9475 0.01998809523809525 0.01498809523809519
04 0.21875 0.38 0.024992977528089877 0.01749297752808987
08 0.47750000000000004 0.9550000000000001 0.019995098039215675 0.042495098039215695
03 0.4325 0.8025 0.019956896551724168 0.022456896551724115
03 0.7 0.458125 0.01997844827586215 0.016228448275862062
08 0.935 0.833125 0.02738636363636371 0.018636363636363784
20 0.175625 0.01625 0.028735795454545465 0.024985795454545455
06 0.049375 0.3775 0.028719512195121956 0.01746951219512194
03 0.17875 0.3175 0.014982142857142833 0.009982142857142828
19 0.8 0.5625 0.029987499999999945 0.022487499999999994
