07 0.371875 0.35 0.026233552631578894 0.10248355263157893
07 0.7350020973154363 0.729375 0.027495805369127435 0.016241610738254808
14 0.73875 0.08875 0.024956896551724173 0.024956896551724145
03 0.340625 0.14875 0.03124444444444452 0.027494444444444432
20 0.771875 0.07625 0.0087380952380951 0.00998809523809524
19 0.718125 0.239375 0.02124297752808979 0.026242977528089823
07 0.871875 0.039375 0.008745098039215748 0.046245098039215685
07 0.275625 0.24562499999999998 0.00870689655172413 0.031206896551724123
03 0.325625 0.299375 0.01372844827586206 0.028728448275862073
18 0.53375 0.5725 0.014886363636363531 0.01738636363636359
07 0.701875 0.636875 0.0287357954545453 0.12123579545454533
06 0.6300076219512195 0.7125 0.02748475609756107 0.05246951219512197
18 0.26125 0.806875 0.014982142857142833 0.018732142857142753
11 0.645 0.11 0.022487499999999994 0.01998750000000002
