07 0.22875 0.68125 0.024983552631578976 0.0674835526315789
09 0.54125 0.52875 0.01999161073825506 0.027491610738255123
04 0.41125 0.9862500000000001 0.02745689655172412 0.02495689655172406
03 0.719375 0.578125 0.026244444444444293 0.02874444444444446
14 0.56 0.391875 0.012488095238095354 0.028738095238095285
03 0.7325017556179776 0.520625 0.014996488764044913 0.02124297752808979
20 0.37625 0.6275 0.027495098039215737 0.027495098039215793
03 0.8206249999999999 0.95875 0.023706896551724088 0.014956896551724164
19 0.5675 0.629375 0.019978448275862037 0.03872844827586208
18 0.11125 0.68875 0.014886363636363642 0.0173863636363637
