03 0.7887500000000001 0.23249999999999998 0.03498355263157882 0.032483552631578955
03 0.6925 0.466875 0.042491610738254915 0.06124161073825507
20 0.340625 0.236875 0.03120689655172415 0.02870689655172412
04 0.453125 0.5081249999999999 0.04124444444444453 0.02124444444444451
12 0.48375 0.48 0.03748809523809521 0.07498809523809524
03 0.910625 0.30125 0.06624297752808983 0.062492977528089855
08 0.714375 0.373125 0.013745098039215753 0.08874509803921571
12 0.164375 0.763125 0.08870689655172413 0.09370689655172415
09 0.219375 0.31062500000000004 0.038728448275862054 0.041228448275862084
05 0.92625 0.7075 0.03738636363636372 0.05988636363636379
