08 0.15687500000000001 0.611875 0.01623355263157894 0.051233552631578916
01 0.41375 0.6018749999999999 0.027491610738255012 0.02374161073825498
09 0.788125 0.49187499999999995 0.036206896551724155 0.02620689655172409
06 0.6512499999999999 0.410625 0.06499444444444447 0.04374444444444453
07 0.144375 0.479375 0.03123809523809523 0.03623809523809529
17 0.773125 0.185 0.028742977528089853 0.032492977528089856
03 0.428125 0.715625 0.023745098039215706 0.02374509803921565
03 0.836875 0.883125 0.04870689655172411 0.016206896551724137
03 0.611875 0.8143750000000001 0.03372844827586208 0.04122844827586214
11 0.443125 0.83875 0.033636363636363575 0.02738636363636382
17 0.281875 0.042499999999999996 0.026235795454545463 0.032485795454545455
00 0.186875 0.754375 0.036219512195121956 0.026219512195121975
03 0.26125 0.12375 0.017482142857142835 0.039982142857142855
00 0.8787499999999999 0.609375 0.03498750000000006 0.023737499999999967
