12 0.89125 0.911875 0.022483552631578974 0.02873355263157884
03 0.04625 0.721875 0.012491610738255027 0.026241610738254928
09 0.733125 0.25375 0.026206896551724146 0.0374568965517241
05 0.9299999999999999 0.5375 0.029994444444444324 0.014994444444444532
09 0.040624999999999994 0.5331250000000001 0.023738095238095232 0.023738095238095336
04 0.22499999999999998 0.611875 0.017492977528089843 0.016242977528089786
03 0.28687377450980395 0.921875 0.018747549019607845 0.023745098039215762
04 0.441875 0.40375 0.023706896551724144 0.024956896551724173
09 0.933125 0.115625 0.02372844827586218 0.018728448275862064
14 0.27375 0.46375 0.02738636363636371 0.03988636363636355
13 0.8768750000000001 0.59375 0.11373579545454537 0.05248579545454546
00 0.9099999999999999 0.954375 0.01746951219512194 0.016219512195121966
12 0.6375 0.205625 0.02498214285714284 0.03123214285714282
03 0.38375000000000004 0.016875 0.044987500000000014 0.0137375
