20 0.131875 0.615 0.028733552631578937 0.029983552631578814
03 0.548125 0.830625 0.028741610738255097 0.021241610738254812
12 0.305 0.103125 0.06245689655172415 0.031206896551724136
00 0.391875 0.7381249999999999 0.031244444444444464 0.02874444444444435
06 0.08125 0.25937202380952384 0.05248809523809523 0.023744047619047637
08 0.7949999999999999 0.44375 0.04249297752808989 0.03249297752808983
13 0.10625 0.93875 0.06749509803921569 0.1099950980392157
13 0.38687499999999997 0.83125 0.0362068965517241 0.05245689655172414
10 0.4825 0.226875 0.029978448275862046 0.02372844827586207
03 0.35562499999999997 0.12562500000000001 0.02613636363636357 0.023636363636363636
