05 0.203125 0.9137500000000001 0.03873355263157896 0.019983552631578916
04 0.764375 0.6174999999999999 0.028741610738254875 0.017491610738255114
20 0.361875 0.330625 0.03120689655172415 0.026206896551724146
14 0.438125 0.64625 0.036244444444444524 0.047494444444444395
03 0.030625 0.173125 0.018738095238095234 0.013738095238095271
14 0.71 0.571875 0.03749297752808989 0.026242977528089906
04 0.5618749999999999 0.129375 0.031245098039215713 0.026245098039215695
15 0.26937500000000003 0.903125 0.013706896551724135 0.016206896551724137
03 0.919375 0.865 0.036228448275862246 0.03497844827586216
10 0.12312500000000001 0.6168750000000001 0.021136363636363634 0.02113636363636362
17 0.88125 0.5725 0.029985795454545272 0.03248579545454544
19 0.07999999999999999 0.24687499999999998 0.03496951219512194 0.018719512195121968
