06 0.169375 0.50125 0.03873355263157896 0.017483552631578858
17 0.12625 0.685 0.022491610738255063 0.017491610738254892
18 0.72875 0.6168750000000001 0.014956896551724164 0.018706896551724195
14 0.9581249999999999 0.720625 0.02874444444444435 0.023744444444444346
06 0.44875 0.7731250000000001 0.012488095238095298 0.07873809523809505
20 0.63625 0.039375 0.012492977528089866 0.011242977528089892
20 0.325625 0.08812500000000001 0.02374509803921565 0.018745098039215688
08 0.1775 0.25625 0.014956896551724136 0.034956896551724126
20 0.423125 0.44875 0.013728448275862115 0.014978448275862088
14 0.303125 0.48 0.011136363636363666 0.01988636363636359
