03 0.498125 0.818125 0.01123355263157888 0.06623355263157893
03 0.764375 0.07499790268456377 0.018741610738254866 0.019995805369127526
01 0.12312499999999998 0.6725 0.011206896551724119 0.0074568965517241015
18 0.28875 0.03375 0.014994444444444421 0.017494444444444444
13 0.18375 0.859375 0.03248809523809526 0.05373809523809503
02 0.6737517556179775 0.1475 0.024996488764044922 0.024992977528089877
08 0.11374999999999999 0.04125 0.04249509803921568 0.01999509803921569
20 0.244375 0.499375 0.011206896551724133 0.00870689655172413
19 0.2975 0.659375 0.029978448275862046 0.026228448275862237
07 0.030625 0.484375 0.01613636363636363 0.04363636363636364
18 0.36312500000000003 0.416875 0.018735795454545456 0.02123579545454546
11 0.580625 0.535625 0.026219512195121975 0.026219512195121975
