07 0.8987499999999999 0.650625 0.04248355263157888 0.06623355263157893
06 0.9612499999999999 0.055622902684563755 0.04749161073825492 0.03374580536912752
08 0.9518857758620689 0.12375 0.026228448275862015 0.024956896551724117
04 0.58375 0.0325 0.02499444444444454 0.022494444444444445
02 0.705 0.043125 0.037488095238095154 0.01623809523809524
07 0.8 0.905625 0.06249297752808991 0.02124297752808979
08 0.11937500000000001 0.400625 0.013745098039215697 0.046245098039215726
07 0.6537607758620689 0.329989224137931 0.01747844827586209 0.032478448275862104
06 0.805 0.10250000000000001 0.032478448275862215 0.04997844827586208
10 0.5918749999999999 0.95875 0.02113636363636362 0.019886363636363757
07 0.43 0.7637464488636363 0.05248579545454546 0.032492897727272596
20 0.7718750000000001 0.811875 0.016219512195121966 0.013719512195121908
08 0.106875 0.3425 0.011232142857142871 0.04998214285714281
09 0.32 0.22625 0.03748750000000001 0.03998750000000001
