03 0.29000000000000004 0.59625 0.02998355263157898 0.05248355263157889
05 0.276875 0.87625 0.06874161073825508 0.03749161073825491
13 0.845 0.170625 0.022456896551724115 0.14120689655172414
20 0.24562499999999998 0.058124999999999996 0.03374444444444444 0.021244444444444448
03 0.355 0.11625 0.029988095238095258 0.047488095238095246
15 0.28812499999999996 0.24875 0.06124297752808988 0.052492977528089846
14 0.7262500000000001 0.490625 0.05499509803921565 0.06124509803921563
03 0.110625 0.29 0.031206896551724136 0.05245689655172414
11 0.141875 0.869375 0.056228448275862056 0.0437284482758622
06 0.40125 0.218125 0.12488636363636363 0.08613636363636368
12 0.8574999999999999 0.7749999999999999 0.10248579545454539 0.0649857954545453
00 0.468125 0.341875 0.048719512195121994 0.03621951219512198
