06 0.05374999999999999 0.7806208881578947 0.05498355263157894 0.05124177631578941
11 0.2 0.86 0.022491610738255036 0.022491610738254897
12 0.9625 0.16812500000000002 0.024956896551724173 0.031206896551724123
04 0.07187500000000001 0.12187500000000001 0.023744444444444457 0.016244444444444464
14 0.385 0.87625 0.017488095238095247 0.014988095238095078
20 0.308125 0.245 0.021242977528089846 0.019992977528089817
03 0.95 0.701875 0.01999509803921573 0.05124509803921573
20 0.153125 0.076875 0.031206896551724123 0.02120689655172414
10 0.544375 0.76 0.018728448275862064 0.01997844827586226
15 0.74125 0.60375 0.05238636363636373 0.012386363636363584
08 0.6668785511363637 0.7225 0.028742897727272676 0.01498579545454537
03 0.8475 0.4425 0.009969512195121988 0.012469512195121935
05 0.97625 0.9724999999999999 0.014982142857142833 0.03248214285714279
04 0.82875 0.745 0.022487499999999994 0.014987499999999931
