20 0.47250000000000003 0.12437499999999999 0.017483552631578914 0.016233552631578926
06 0.7956270973154362 0.61375 0.05374580536912743 0.024991610738255066
02 0.36250000000000004 0.055 0.014956896551724108 0.03495689655172414
13 0.41874999999999996 0.10249861111111111 0.044994444444444504 0.02749722222222223
08 0.859375 0.765625 0.02623809523809517 0.016238095238095163
06 0.38 0.6356232443820224 0.05499297752808985 0.05124648876404492
09 0.049375 0.823125 0.018745098039215695 0.023745098039215762
14 0.140625 0.969375 0.03620689655172414 0.0237068965517242
08 0.93125 0.52875 0.012478448275862197 0.037478448275862
04 0.210625 0.041875 0.021136363636363675 0.01863636363636363
