14 0.575 0.10125 0.03248355263157887 0.037483552631578945
20 0.730625 0.7537499999999999 0.031241610738254932 0.024991610738254955
06 0.37375 0.85375 0.09745689655172413 0.014956896551724164
03 0.878125 0.14999999999999997 0.08624444444444435 0.13249444444444441
06 0.478125 0.7424999999999999 0.03373809523809529 0.09498809523809515
01 0.86625 0.24812499999999998 0.03499297752808983 0.021242977528089874
04 0.44125000000000003 0.27437500000000004 0.027495098039215737 0.03874509803921572
03 0.24125000000000002 0.830625 0.037456896551724156 0.028706896551724204
04 0.665 0.07 0.03747844827586222 0.027478448275862058
03 0.62375 0.294375 0.05988636363636368 0.04613636363636364
04 0.551875 0.27249999999999996 0.033735795454545414 0.032485795454545496
06 0.20500000000000002 0.07375 0.012469512195121962 0.03496951219512195
07 0.76 0.271875 0.04998214285714275 0.031232142857142875
04 0.865625 0.153125 0.04123750000000004 0.026237499999999997
