09 0.653125 0.536875 0.03873355263157896 0.053733552631578974
03 0.294375 0.15812500000000002 0.05374161073825501 0.06624161073825505
12 0.554375 0.7125 0.06870689655172413 0.06745689655172415
10 0.6074999999999999 0.164375 0.029994444444444546 0.031244444444444464
06 0.9325 0.5293749999999999 0.044988095238095216 0.09873809523809529
08 0.95 0.7275 0.06249297752808991 0.07999297752808987
10 0.23875000000000002 0.528125 0.04249509803921572 0.038745098039215775
01 0.785 0.57625 0.057456896551724146 0.04745689655172414
12 0.7112499999999999 0.574375 0.05497844827586229 0.0587284482758621
11 0.6087499999999999 0.361875 0.05238636363636362 0.04863636363636359
