03 0.521875 0.474375 0.04873355263157886 0.051233552631578916
06 0.291875 0.013122902684563757 0.06374161073825502 0.026245805369127514
18 0.9475 0.43000000000000005 0.022456896551724115 0.024956896551724117
19 0.16812499999999997 0.6287499999999999 0.041244444444444445 0.03249444444444449
10 0.273125 0.763125 0.04373809523809524 0.02623809523809506
06 0.7493749999999999 0.395 0.06624297752808983 0.05749297752808985
10 0.395 0.701875 0.029995098039215684 0.031245098039215713
01 0.896875 0.045625 0.018706896551724084 0.018706896551724146
15 0.885 0.81375 0.049978448275862286 0.09497844827586222
03 0.23249999999999998 0.13874999999999998 0.019886363636363674 0.03238636363636363
03 0.474375 0.7037500000000001 0.02373579545454546 0.05248579545454535
