03 0.24 0.458125 0.027483552631578978 0.02123355263157889
14 0.254375 0.027499999999999997 0.021241610738255062 0.03999161073825503
03 0.034375 0.037500000000000006 0.006206896551724135 0.03495689655172414
07 0.326875 0.1 0.031244444444444464 0.029994444444444462
07 0.39375 0.9168750000000001 0.0149880952380953 0.04373809523809513
00 0.599375 0.19374999999999998 0.028742977528089853 0.02499297752808985
07 0.59875 0.974375 0.017495098039215673 0.04124509803921561
19 0.828125 0.1775 0.01370689655172419 0.017456896551724138
02 0.2975 0.18562499999999998 0.052478448275862066 0.038728448275862054
08 0.42875 0.645625 0.022386363636363593 0.04613636363636364
13 0.635625 0.3025 0.11623579545454543 0.029985795454545494
