03 0.92875 0.104375 0.027483552631578867 0.013733552631578938
02 0.81625 0.450625 0.06499161073825488 0.06124161073825507
20 0.735625 0.33125 0.03120689655172415 0.02745689655172412
15 0.874375 0.9125 0.01124444444444439 0.022494444444444373
17 0.26249999999999996 0.253125 0.029988095238095258 0.03123809523809526
03 0.358125 0.421875 0.04374297752808981 0.04124297752808981
14 0.49875 0.71875 0.029995098039215684 0.05249509803921559
10 0.84875 0.017499999999999998 0.02745689655172412 0.024956896551724134
10 0.7518750000000001 0.8456250000000001 0.03122844827586213 0.028728448275862184
03 0.965625 0.6643749999999999 0.02363636363636379 0.0336363636363638
09 0.4125 0.06625 0.022485795454545487 0.03248579545454546
04 0.64625 0.123125 0.029969512195122006 0.023719512195121945
06 0.2825 0.745 0.007482142857142826 0.032482142857142904
