10 0.85875 0.423125 0.037483552631578876 0.0362335526315789
10 0.12312500000000001 0.850625 0.031241610738255057 0.03624161073825494
03 0.55625 0.528125 0.04495689655172419 0.028706896551724204
03 0.11624999999999999 0.03625 0.052494444444444455 0.027494444444444443
18 0.32437499999999997 0.354375 0.026238095238095227 0.02873809523809523
06 0.048126755617977524 0.409375 0.026246488764044944 0.09624297752808986
03 0.7525 0.41625 0.032495098039215686 0.0499950980392157
20 0.164375 0.19187500000000002 0.02870689655172412 0.021206896551724114
05 0.021875000000000006 0.909375 0.023728448275862075 0.0487284482758622
03 0.9493750000000001 0.05 0.036136363636363744 0.02488636363636363
05 0.889375 0.95625 0.048735795454545316 0.027485795454545325
13 0.81 0.595625 0.06246951219512198 0.09371951219512198
