08 0.6499999999999999 0.880625 0.019983552631578916 0.04873355263157886
04 0.261875 0.763125 0.036241610738255076 0.03374161073825499
03 0.74 0.8 0.024956896551724173 0.03495689655172407
20 0.559375 0.255 0.028744444444444572 0.027494444444444405
04 0.47 0.306875 0.03998809523809527 0.033738095238095234
06 0.278125 0.744375 0.09624297752808986 0.06624297752808994
13 0.65375 0.44375 0.042495098039215695 0.06249509803921566
14 0.14125 0.08499999999999999 0.02995689655172415 0.03495689655172414
03 0.6637500000000001 0.86 0.08247844827586215 0.17747844827586223
18 0.533125 0.661875 0.026136363636363624 0.028636363636363793
