08 0.504375 0.393125 0.026233552631578894 0.04623355263157891
11 0.718125 0.48375 0.028741610738254986 0.03249161073825507
03 0.433125 0.505 0.03370689655172415 0.04245689655172408
16 0.18062499999999998 0.369375 0.03374444444444444 0.056244444444444486
02 0.070625 0.25125000000000003 0.04873809523809523 0.027488095238095284
03 0.5 0.24312499999999998 0.054992977528089904 0.03374297752808983
18 0.625 0.85125 0.024995098039215735 0.027495098039215682
11 0.27937500000000004 0.8731249999999999 0.0362068965517241 0.04120689655172416
00 0.064375 0.33375 0.02622844827586207 0.01747844827586209
03 0.33125 0.036875 0.02488636363636365 0.03613636363636363
04 0.425625 0.7549999999999999 0.031235795454545467 0.03248579545454533
03 0.40625 0.39 0.03246951219512195 0.029969512195122006
11 0.4325 0.396875 0.03248214285714279 0.02623214285714287
