12 0.96625 0.9168750000000001 0.04248355263157888 0.031233552631578898
03 0.733125 0.619375 0.046241610738254946 0.01624161073825503
18 0.8175 0.7175 0.014956896551724164 0.01745689655172411
20 0.2475 0.1375 0.014994444444444421 0.014994444444444449
03 0.57875 0.234375 0.019988095238095305 0.021238095238095278
09 0.395625 0.5318750000000001 0.016242977528089897 0.03374297752808986
12 0.8843749999999999 0.34875 0.02374509803921565 0.03499509803921569
03 0.8612500000000001 0.93125 0.019956896551724168 0.049956896551724084
03 0.7893803879310344 0.494375 0.07623922413793116 0.04122844827586203
01 0.93125 0.080625 0.012386363636363695 0.011136363636363639
12 0.9237500000000001 0.9081250000000001 0.03248579545454533 0.0337357954545453
08 0.200625 0.885 0.03371951219512198 0.02496951219512189
02 0.516875 0.34875 0.041232142857142884 0.02248214285714284
