03 0.31437499999999996 0.08249999999999999 0.056233552631578976 0.027483552631578936
03 0.5775 0.4175 0.05499161073825509 0.03499161073825502
14 0.589375 0.678125 0.026206896551724146 0.046206896551724164
04 0.26875 0.98375 0.03499444444444444 0.02499444444444432
11 0.15875 0.225 0.027488095238095256 0.029988095238095258
08 0.975625 0.6331249999999999 0.023742977528089848 0.04874297752808976
03 0.703125 0.26875000000000004 0.023745098039215762 0.02499509803921568
12 0.43062500000000004 0.233125 0.06120689655172412 0.04620689655172411
03 0.08125 0.025625000000000002 0.04747844827586207 0.02122844827586207
11 0.3375 0.061875 0.0323863636363636 0.02113636363636364
