03 0.336875 0.013750000000000002 0.031233552631578898 0.01498355263157895
20 0.024375 0.7537499999999999 0.016241610738255034 0.014991610738254946
03 0.95625 0.725 0.02745689655172412 0.024956896551724173
00 0.224375 0.9212499999999999 0.04124444444444442 0.03999444444444433
03 0.9375 0.181875 0.024988095238095198 0.021238095238095278
03 0.6025 0.12062500000000001 0.03749297752808989 0.0687429775280899
02 0.20750000000000002 0.7725 0.06499509803921569 0.024995098039215624
12 0.668125 0.5118750000000001 0.026206896551724146 0.08370689655172414
12 0.09687499999999999 0.555625 0.07622844827586206 0.07622844827586206
08 0.843125 0.5900000000000001 0.05113636363636376 0.022386363636363593
