15 0.13125 0.506875 0.017483552631578927 0.026233552631578838
09 0.224375 0.9493750000000001 0.023741610738255065 0.018741610738254866
06 0.104375 0.87625 0.011206896551724133 0.05495689655172409
20 0.8418749999999999 0.198125 0.008744444444444333 0.008744444444444444
07 0.13874999999999998 0.5775 0.022488095238095224 0.03498809523809521
08 0.24125000000000002 0.7849999999999999 0.012492977528089838 0.03499297752808983
01 0.4075 0.8787499999999999 0.022495098039215733 0.01999509803921573
03 0.708125 0.250625 0.018706896551724084 0.013706896551724135
09 0.074375 0.26187499999999997 0.03372844827586207 0.03372844827586205
13 0.47750000000000004 0.303125 0.03988636363636361 0.018636363636363673
09 0.859375 0.306875 0.026235795454545352 0.028735795454545465
