15 0.478125 0.511875 0.0362335526315789 0.0337335526315789
14 0.5325 0.658125 0.024991610738255066 0.056241610738255066
14 0.8525 0.9281250000000001 0.03495689655172407 0.07370689655172413
08 0.458125 0.864375 0.023744444444444457 0.07124444444444444
02 0.295 0.7949999999999999 0.05748809523809528 0.04248809523809516
19 0.043125 0.9143749999999999 0.03374297752808989 0.04124297752808992
05 0.47375 0.464375 0.03749509803921569 0.04624509803921567
14 0.489375 0.940625 0.07870689655172414 0.036206896551724044
03 0.9575 0.765625 0.024978448275862153 0.036228448275862135
10 0.273125 0.61 0.03613636363636363 0.027386363636363598
07 0.94875 0.776875 0.05748579545454535 0.10373579545454525
03 0.8025 0.24625000000000002 0.02496951219512189 0.04246951219512199
10 0.214375 0.148125 0.05123214285714284 0.03373214285714285
00 0.179375 0.6000000000000001 0.05373750000000002 0.047487500000000016
