03 0.141875 0.53125 0.013733552631578938 0.027483552631578867
01 0.0975 0.640625 0.024991610738255052 0.021241610738255035
03 0.18625 0.549375 0.02995689655172412 0.043706896551724106
10 0.765625 0.379375 0.0212444444444444 0.02124444444444451
01 0.975625 0.12312500000000001 0.021238095238095167 0.021238095238095236
03 0.265625 0.1725 0.023742977528089848 0.02499297752808985
03 0.174375 0.27249999999999996 0.018745098039215702 0.01749509803921573
03 0.911875 0.144375 0.07370689655172413 0.023706896551724144
04 0.80125 0.42937499999999995 0.032478448275862215 0.021228448275862066
03 0.584375 0.053125 0.05613636363636365 0.021136363636363634
04 0.234375 0.611875 0.026235795454545463 0.026235795454545463
