20 0.08562499999999999 0.126875 0.018733552631578942 0.02123355263157893
18 0.75375 0.70625 0.01999161073825495 0.022491610738254897
06 0.703125 0.323114224137931 0.07120689655172407 0.0612284482758621
04 0.04375 0.6512499999999999 0.034994444444444446 0.02499444444444443
15 0.560625 0.26437499999999997 0.021238095238095278 0.036238095238095264
16 0.10750000000000001 0.32 0.0374929775280899 0.03499297752808983
20 0.2375 0.7262500000000001 0.0174950980392157 0.01999509803921573
03 0.719375 0.308125 0.03370689655172421 0.031206896551724095
18 0.12 0.6131249999999999 0.01997844827586208 0.02372844827586207
00 0.815625 0.06375 0.026136363636363735 0.017386363636363637
