03 0.5475 0.5700000000000001 0.03498355263157893 0.10248355263157893
13 0.674375 0.52 0.043741610738255 0.24499161073825493
03 0.8525 0.174375 0.0649568965517241 0.03120689655172415
00 0.22250000000000003 0.893125 0.07249444444444444 0.051244444444444315
03 0.33625 0.82875 0.11498809523809528 0.07248809523809507
18 0.348125 0.27625 0.04624297752808987 0.049992977528089844
14 0.48375 0.3375 0.05749509803921571 0.03499509803921569
14 0.7618750000000001 0.6131249999999999 0.05120689655172417 0.07370689655172413
20 0.398125 0.184375 0.05122844827586204 0.03372844827586205
20 0.149375 0.7206250000000001 0.051136363636363646 0.04613636363636375
20 0.058125 0.660625 0.07373579545454546 0.051235795454545374
12 0.42374999999999996 0.745625 0.09246951219512195 0.056219512195122
07 0.71875 0.764375 0.06748214285714282 0.19123214285714285
18 0.1325 0.059375 0.03998750000000002 0.043737500000000006
