15 0.94 0.5925 0.05248355263157889 0.04998355263157894
03 0.1575 0.34125 0.06999161073825505 0.02999161073825507
08 0.30874999999999997 0.7124999999999999 0.03995689655172413 0.05495689655172409
12 0.8125 0.5525 0.037494444444444275 0.0424944444444445
02 0.85 0.72375 0.06998809523809513 0.09248809523809509
20 0.661875 0.236875 0.0312429775280898 0.023742977528089848
11 0.251875 0.7675000000000001 0.053745098039215705 0.032495098039215686
06 0.5125 0.5575 0.14745689655172411 0.014956896551724164
15 0.666875 0.18062499999999998 0.026228448275862126 0.061228448275862074
03 0.10625 0.8075 0.037386363636363634 0.02738636363636382
03 0.05375355113636364 0.46125 0.04749289772727273 0.037485795454545445
07 0.538125 0.856875 0.04621951219512199 0.023719512195122028
02 0.57875 0.36624999999999996 0.0374821428571428 0.03248214285714285
02 0.711875 0.780625 0.053737499999999994 0.05123750000000005
