15 0.68375 0.8612500000000001 0.04498355263157894 0.027483552631578978
01 0.7949999999999999 0.605 0.01999161073825484 0.01249161073825511
03 0.218125 0.8043750000000001 0.031206896551724123 0.02120689655172414
02 0.65875 0.14812499999999998 0.04499444444444445 0.07624444444444443
08 0.15125 0.760625 0.019988095238095277 0.08873809523809517
06 0.845 0.45125 0.057492977528089906 0.09999297752808978
13 0.801875 0.218125 0.09124509803921566 0.06374509803921571
06 0.53125 0.32125000000000004 0.03495689655172418 0.019956896551724113
03 0.8025 0.359375 0.02747844827586221 0.02122844827586201
03 0.558125 0.1975 0.04863636363636359 0.05488636363636368
