08 0.263125 0.55125 0.021233552631579 0.04248355263157888
19 0.1375 0.479375 0.02749161073825504 0.02624161073825504
04 0.049375 0.62 0.028706896551724148 0.022456896551724226
18 0.6112500000000001 0.24312499999999998 0.014994444444444421 0.018744444444444425
03 0.051250000000000004 0.185 0.029988095238095237 0.027488095238095256
20 0.635 0.56875 0.024992977528089932 0.019992977528089817
15 0.284375 0.6825 0.02624509803921571 0.017495098039215673
15 0.9275 0.061875 0.024956896551724173 0.02120689655172414
14 0.6268750000000001 0.13 0.028728448275862184 0.01997844827586205
12 0.914375 0.366875 0.03113636363636374 0.03613636363636363
11 0.08937500000000001 0.055624999999999994 0.02623579545454545 0.01873579545454545
19 0.656875 0.8025 0.023719512195121917 0.02496951219512189
11 0.6543749999999999 0.12437500000000001 0.023732142857142757 0.02123214285714288
