02 0.53 0.0325 0.027483552631578867 0.022483552631578953
13 0.569375 0.0825 0.08874161073825504 0.03999161073825505
18 0.819375 0.266875 0.011206896551724133 0.013706896551724135
06 0.286875 0.79125 0.03374444444444441 0.04499444444444434
04 0.7581249999999999 0.31125 0.021238095238095167 0.017488095238095303
03 0.903125 0.28125 0.008742977528089835 0.02499297752808982
13 0.7875000000000001 0.15437499999999998 0.052495098039215704 0.011245098039215667
03 0.4125 0.13125 0.012456896551724161 0.014956896551724122
02 0.04625 0.7575 0.022478448275862067 0.012478448275862197
07 0.44499999999999995 0.6587215909090909 0.014886363636363587 0.022443181818181945
04 0.73875 0.808125 0.02498579545454538 0.021235795454545348
