15 0.7475 0.3256208881578947 0.02749999999999997 0.018741776315789493
03 0.8518749999999999 0.9112499999999999 0.021241610738254812 0.0274916107382549
15 0.1975 0.464375 0.06495689655172412 0.03870689655172416
01 0.111875 0.73625 0.016244444444444464 0.012494444444444364
03 0.448125 0.576875 0.051238095238095305 0.03873809523809524
09 0.545625 0.29625 0.0212429775280899 0.02749297752808988
08 0.22 0.649375 0.017495098039215673 0.02374509803921565
01 0.18312499999999998 0.669375 0.01620689655172411 0.011206896551724133
12 0.1575 0.29312499999999997 0.039978448275862055 0.041228448275862084
01 0.583125 0.708125 0.018636363636363562 0.016136363636363837
14 0.050624999999999996 0.8031250000000001 0.03623579545454546 0.023735795454545294
03 0.543125 0.838125 0.043719512195121935 0.03121951219512198
15 0.7437499999999999 0.693125 0.10248214285714285 0.06623214285714285
03 0.170625 0.16125 0.038737500000000036 0.022487499999999994
