03 0.415625 0.635625 0.038733552631578905 0.053733552631578974
03 0.371875 0.21125 0.02624161073825504 0.03999161073825505
20 0.088125 0.156875 0.026206896551724146 0.02870689655172412
07 0.379375 0.8143750000000001 0.03624444444444447 0.03874444444444436
12 0.07125000000000001 0.485 0.059988095238095236 0.04248809523809527
02 0.6693767556179775 0.934375 0.03874648876404485 0.05874297752808977
04 0.07250000000000001 0.19687500000000002 0.029995098039215698 0.03624509803921569
07 0.04811422413793104 0.185 0.04872844827586207 0.057456896551724146
20 0.6168750000000001 0.985625 0.026228448275862015 0.018728448275862175
06 0.28127840909090907 0.869375 0.034943181818181845 0.11113636363636381
20 0.068125 0.288125 0.026235795454545463 0.02123579545454546
04 0.44062500000000004 0.255 0.038719512195121986 0.024969512195122
06 0.641875 0.815 0.07123214285714285 0.07998214285714289
