20 0.150625 0.39375 0.018733552631578942 0.014983552631578911
00 0.8787499999999999 0.5175000000000001 0.03749161073825491 0.02999161073825507
04 0.7406250000000001 0.460625 0.03120689655172415 0.026206896551724146
03 0.916875 0.669375 0.058744444444444266 0.03624444444444441
03 0.83375 0.745625 0.07998809523809514 0.028738095238095118
08 0.17625175561797754 0.4225 0.03249648876404493 0.03749297752808983
20 0.81375 0.618125 0.034995098039215744 0.03624509803921572
14 0.300625 0.90875 0.011206896551724133 0.08245689655172417
13 0.25125 0.610625 0.07747844827586209 0.053728448275862095
01 0.3 0.848125 0.0173863636363637 0.013636363636363669
