20 0.22812500000000002 0.9668749999999999 0.013733552631578966 0.01123355263157888
18 0.083125 0.291875 0.013741610738255028 0.01624161073825503
03 0.47813577586206896 0.64625 0.008728448275862055 0.019956896551724057
02 0.27937500000000004 0.068125 0.018744444444444397 0.03624444444444445
03 0.1225 0.721875 0.029988095238095244 0.021238095238095167
04 0.86625 0.771875 0.019992977528089817 0.016242977528089897
18 0.02 0.043750000000000004 0.01499509803921569 0.017495098039215687
08 0.7525 0.56875 0.02745689655172423 0.02745689655172412
16 0.836875 0.578125 0.02372844827586218 0.033728448275861966
03 0.8875 0.408125 0.014886363636363753 0.02113636363636362
15 0.044375 0.266875 0.006235795454545452 0.01623579545454551
04 0.464375 0.714375 0.016219512195121966 0.016219512195121966
01 0.325 0.19937500000000002 0.009982142857142828 0.008732142857142827
