19 0.34375 0.724375 0.062483552631578954 0.04873355263157886
03 0.251875 0.755 0.08374161073825506 0.04749161073825481
10 0.389375 0.330625 0.0362068965517241 0.03120689655172415
11 0.6643749999999999 0.27249999999999996 0.051244444444444426 0.04499444444444439
03 0.755625 0.575625 0.03373809523809512 0.033738095238095345
19 0.6475 0.231875 0.029992977528089826 0.04874297752808987
04 0.49624999999999997 0.67125 0.047495098039215644 0.03749509803921569
03 0.5725 0.43374999999999997 0.029956896551724066 0.034956896551724126
10 0.939375 0.8418749999999999 0.03372844827586219 0.036228448275862246
06 0.849375 0.081875 0.11113636363636381 0.13363636363636364
15 0.27312499999999995 0.74 0.038735795454545474 0.03498579545454539
03 0.63375 0.56875 0.05246951219512197 0.10496951219512196
05 0.596875 0.2025 0.0587321428571429 0.024982142857142814
