12 0.549375 0.62 0.0362335526315789 0.037483552631578876
03 0.22125 0.658125 0.027491610738255068 0.011241610738254915
14 0.13187500000000002 0.77 0.04120689655172413 0.019956896551724057
03 0.558125 0.155 0.018744444444444452 0.027494444444444432
00 0.10250000000000001 0.31625000000000003 0.027488095238095242 0.024988095238095254
19 0.9456249999999999 0.650625 0.03374297752808986 0.018742977528089844
03 0.5025012254901962 0.215 0.032497549019607885 0.029995098039215684
06 0.589375 0.079375 0.06370689655172412 0.07370689655172413
02 0.635 0.218125 0.029978448275862157 0.05372844827586207
08 0.6581250000000001 0.7887500000000001 0.01363636363636378 0.029886363636363655
20 0.881875 0.156875 0.016235795454545343 0.016235795454545482
