10 0.8625 0.40249999999999997 0.03748355263157899 0.034983552631578874
06 0.176875 0.9668749999999999 0.06374161073825504 0.013741610738254972
01 0.3975 0.225 0.022456896551724115 0.019956896551724113
14 0.9356249999999999 0.25 0.021244444444444288 0.01749444444444445
08 0.18375 0.438125 0.027488095238095256 0.031238095238095287
14 0.641875 0.31375 0.04124297752808981 0.017492977528089815
18 0.174375 0.131875 0.0162450980392157 0.018745098039215688
03 0.57875 0.594375 0.04495689655172419 0.06620689655172418
00 0.24375000000000002 0.264375 0.019978448275862065 0.018728448275862064
03 0.52625 0.73375 0.057386363636363624 0.08238636363636376
