03 0.950625 0.6543749999999999 0.043733552631578854 0.031233552631578898
03 0.88 0.7825 0.02999161073825496 0.03999161073825486
01 0.50875 0.6287499999999999 0.014956896551724164 0.012456896551724106
15 0.829375 0.12937500000000002 0.026244444444444404 0.013744444444444476
03 0.7175 0.53375 0.02248809523809514 0.03998809523809521
11 0.33125 0.793125 0.02749297752808988 0.028742977528089853
02 0.7481249999999999 0.55125 0.06624509803921563 0.032495098039215686
12 0.693125 0.28812499999999996 0.04120689655172405 0.03370689655172415
05 0.40125 0.823125 0.032478448275862104 0.03122844827586224
12 0.030625000000000003 0.675625 0.04113636363636364 0.053636363636363704
06 0.07062500000000001 0.11875000000000001 0.05373579545454546 0.03498579545454547
19 0.445 0.125 0.01746951219512194 0.027469512195121948
03 0.686875 0.47624999999999995 0.01373214285714286 0.027482142857142844
