03 0.5525 0.459375 0.017483552631578858 0.0362335526315789
10 0.555 0.73 0.014991610738255057 0.012491610738254888
01 0.714375 0.245 0.028706896551724093 0.024956896551724145
08 0.04062638888888889 0.426875 0.053747222222222224 0.016244444444444506
06 0.735 0.69125 0.05748809523809517 0.06998809523809513
11 0.938125 0.391875 0.0312429775280898 0.028742977528089853
13 0.06625 0.49750000000000005 0.05249509803921569 0.05999509803921571
11 0.95875 0.516875 0.032456896551724124 0.03120689655172415
01 0.139375 0.235625 0.021228448275862066 0.021228448275862066
03 0.38875 0.654375 0.01738636363636359 0.04863636363636359
08 0.18562499999999998 0.416875 0.018735795454545484 0.04873579545454543
15 0.7825 0.175 0.00746951219512193 0.02246951219512197
06 0.1775 0.85625 0.009982142857142828 0.03498214285714285
