06 0.458125 0.49624999999999997 0.10373355263157885 0.05498355263157889
08 0.085 0.42000000000000004 0.032491610738255045 0.027491610738255068
18 0.3775 0.050625 0.029956896551724177 0.03120689655172415
03 0.9606250000000001 0.7424999999999999 0.05874444444444438 0.05249444444444429
20 0.50375 0.890625 0.029988095238095314 0.028738095238095118
14 0.43562500000000004 0.254375 0.06374297752808983 0.043742977528089866
03 0.44625000000000004 0.04875 0.02499509803921568 0.05999509803921568
00 0.8843749999999999 0.8243750000000001 0.05120689655172417 0.03120689655172415
05 0.558125 0.535 0.02122844827586201 0.03747844827586211
03 0.49375 0.42375 0.037386363636363606 0.04238636363636361
04 0.14750000000000002 0.948125 0.04748579545454548 0.03873579545454531
11 0.1125 0.930625 0.05746951219512195 0.043719512195122046
