20 0.5875 0.816875 0.014983552631578911 0.016233552631578885
01 0.5375 0.0675 0.01249161073825511 0.014991610738255036
19 0.39375 0.676875 0.02745689655172412 0.028706896551724093
02 0.620625 0.19125 0.026244444444444515 0.02499444444444443
10 0.640625 0.315625 0.041238095238095185 0.03873809523809524
08 0.4543732443820224 0.013750000000000002 0.011246488764044937 0.01249297752808989
06 0.701875 0.286875 0.011245098039215695 0.031245098039215713
03 0.604375 0.46875 0.028706896551724093 0.049956896551724084
14 0.888125 0.456875 0.046228448275862255 0.02372844827586207
06 0.81875 0.6937500000000001 0.019886363636363757 0.014886363636363753
03 0.2875 0.030625 0.02998579545454544 0.02873579545454545
03 0.5425 0.3725 0.029969512195122006 0.019969512195121997
03 0.448125 0.45125 0.02373214285714287 0.029982142857142846
