01 0.43875 0.15875 0.024983552631578865 0.01748355263157897
03 0.24062500000000003 0.81 0.021241610738255062 0.024991610738254955
10 0.419375 0.266875 0.028706896551724093 0.028706896551724148
03 0.021249999999999998 0.68625 0.024994444444444444 0.057494444444444404
09 0.37375 0.835 0.03748809523809532 0.034988095238095096
03 0.4 0.9425 0.03749297752808983 0.01749297752808987
03 0.48875 0.588125 0.09249509803921568 0.031245098039215602
06 0.8624892241379309 0.874375 0.06747844827586202 0.09620689655172421
12 0.610625 0.334375 0.04872844827586209 0.058728448275862044
14 0.885625 0.47875 0.02113636363636373 0.05988636363636357
11 0.9312499999999999 0.434375 0.03248579545454533 0.026235795454545463
03 0.839375 0.1625 0.05371951219512194 0.03746951219512196
03 0.80125 0.11625 0.01748214285714278 0.07498214285714286
01 0.370625 0.188125 0.016237500000000016 0.011237500000000011
