01 0.668125 0.533125 0.016233552631578885 0.016233552631578885
18 0.923125 0.016874999999999998 0.018741610738254866 0.02124161073825503
04 0.651875 0.09812499999999999 0.028706896551724093 0.02370689655172413
03 0.549375 0.11875000000000001 0.03124444444444452 0.032494444444444465
03 0.785625 0.3325 0.01873809523809511 0.03498809523809526
11 0.6575 0.79375 0.03499297752808983 0.039992977528089835
08 0.725625 0.869375 0.02624509803921571 0.04374509803921578
03 0.445 0.33187500000000003 0.012456896551724106 0.041206896551724104
18 0.13 0.6368750000000001 0.022478448275862054 0.026228448275862126
08 0.43062500000000004 0.6793750000000001 0.021136363636363564 0.03863636363636369
08 0.8137535511363637 0.051250000000000004 0.05499289772727267 0.039985795454545454
19 0.6543749999999999 0.7518750000000001 0.03871951219512193 0.03371951219512204
18 0.7125 0.6425 0.022482142857142895 0.02498214285714284
