20 0.21687499999999998 0.555625 0.016233552631578968 0.013733552631578938
06 0.16062500000000002 0.7562500000000001 0.021241610738255062 0.014991610738254946
03 0.38687499999999997 0.04125 0.023706896551724144 0.014956896551724136
03 0.7168749999999999 0.58375 0.021244444444444288 0.0424944444444445
03 0.018125 0.895625 0.018738095238095234 0.016238095238095163
13 0.755 0.7350000000000001 0.05999297752808985 0.012492977528089866
03 0.170625 0.156875 0.021245098039215704 0.021245098039215676
06 0.42937499999999995 0.055624999999999994 0.05620689655172412 0.10120689655172413
15 0.52875 0.9450000000000001 0.05247844827586212 0.01997844827586215
15 0.7625 0.83125 0.032386363636363824 0.024886363636363762
03 0.41875 0.08812500000000001 0.05748579545454546 0.033735795454545456
03 0.764375 0.6275 0.043719512195121935 0.01746951219512194
04 0.156875 0.9237500000000001 0.028732142857142845 0.0274821428571429
