01 0.289375 0.89 0.036233552631579014 0.03498355263157893
08 0.35062499999999996 0.69875 0.02874161073825504 0.05749161073825493
04 0.7012499999999999 0.891875 0.02495689655172406 0.02120689655172414
03 0.131875 0.106875 0.07124444444444444 0.02624444444444446
14 0.649375 0.616875 0.05373809523809514 0.05373809523809525
03 0.8275 0.03125 0.03249297752808977 0.032492977528089884
18 0.8831249999999999 0.463125 0.02374509803921565 0.028745098039215655
14 0.635 0.06562499999999999 0.032456896551724124 0.031206896551724136
13 0.629375 0.9125 0.05122844827586215 0.13997844827586214
03 0.8518749999999999 0.146875 0.018636363636363673 0.04613636363636364
05 0.874375 0.76875 0.026235795454545352 0.037485795454545334
10 0.249375 0.2925 0.03121951219512198 0.024969512195121946
12 0.6875 0.86375 0.04248214285714291 0.047482142857142806
09 0.5018750000000001 0.7024999999999999 0.026237500000000025 0.027487499999999998
