07 0.27937500000000004 0.15000000000000002 0.06623355263157898 0.009983552631578935
04 0.301875 0.145625 0.01624161073825503 0.013741610738255056
14 0.723125 0.328125 0.0237068965517242 0.016206896551724137
18 0.736875 0.026875 0.01124444444444428 0.013744444444444441
07 0.885625 0.611875 0.006238095238095154 0.026238095238095283
03 0.891875 0.369375 0.018742977528089844 0.028742977528089853
08 0.876875 0.91625 0.0162450980392157 0.02999509803921563
03 0.47 0.19375 0.014956896551724108 0.02995689655172412
14 0.903125 0.54 0.036228448275862246 0.022478448275862095
15 0.65875 0.43875 0.0173863636363637 0.02238636363636365
