03 0.12625 0.8975 0.042483552631578936 0.027483552631578867
10 0.464375 0.313125 0.031241610738255043 0.02624161073825504
08 0.735 0.4775 0.049956896551724084 0.02745689655172412
15 0.776875 0.6575 0.03874444444444436 0.04499444444444434
03 0.135625 0.476875 0.03873809523809524 0.02873809523809523
08 0.453125 0.668125 0.04124297752808981 0.04124297752808981
19 0.506875 0.515 0.021245098039215704 0.03749509803921569
03 0.9375 0.66375 0.01745689655172411 0.03745689655172413
02 0.660625 0.14500000000000002 0.036228448275862135 0.019978448275862065
11 0.73875 0.826875 0.039886363636363775 0.026136363636363735
03 0.02875 0.060625 0.0325 0.023735795454545454
