03 0.20875 0.09375 0.05998355263157898 0.11248355263157894
06 0.18187290268456377 0.3275 0.033745805369127524 0.04999161073825503
04 0.199375 0.06687499999999999 0.053706896551724115 0.03870689655172414
01 0.4275 0.41812499999999997 0.0374944444444445 0.038744444444444526
06 0.905625 0.43374999999999997 0.15623809523809506 0.03498809523809526
15 0.4075 0.649375 0.07499297752808981 0.06624297752808983
03 0.775625 0.805625 0.11874509803921574 0.10124509803921566
03 0.6812499999999999 0.3975 0.05495689655172409 0.09995689655172413
03 0.8025 0.578125 0.07747844827586214 0.03122844827586202
02 0.6875 0.49624999999999997 0.04738636363636384 0.07738636363636359
