13 0.22499999999999998 0.64375 0.05248355263157897 0.039983552631578934
20 0.334375 0.52875 0.031241610738255043 0.022491610738255008
04 0.941875 0.730625 0.0337068965517241 0.026206896551724146
01 0.213125 0.070625 0.02374444444444443 0.016244444444444436
04 0.6231249999999999 0.548125 0.02873809523809523 0.01873809523809522
05 0.6268750000000001 0.74125 0.016242977528089786 0.039992977528089835
03 0.12562500000000001 0.683125 0.0637450980392157 0.046245098039215726
19 0.75625 0.818125 0.024956896551724173 0.02120689655172414
11 0.641875 0.8556250000000001 0.03122844827586213 0.026228448275862237
03 0.663125 0.880625 0.01363636363636378 0.036136363636363744
12 0.169375 0.433125 0.031235795454545467 0.031235795454545467
