06 0.3212541118421053 0.3 0.0049917763157894535 0.0724835526315789
03 0.9624999999999999 0.43125 0.014991610738254946 0.03499161073825502
03 0.425 0.8162499999999999 0.032456896551724124 0.03495689655172407
11 0.91875 0.0175 0.037494444444444386 0.024994444444444444
03 0.67625 0.050625 0.02998809523809509 0.06123809523809523
11 0.4975 0.645 0.03499297752808983 0.022492977528089875
03 0.6675 0.62625 0.0474950980392157 0.0474950980392157
03 0.8006249999999999 0.29625 0.06370689655172412 0.13245689655172413
08 0.145625 0.6637500000000001 0.07122844827586207 0.03497844827586227
03 0.06 0.47562499999999996 0.03988636363636363 0.046136363636363587
