07 0.7250000000000001 0.92875 0.15498355263157892 0.039983552631578934
03 0.48812500000000003 0.38 0.02874161073825504 0.02999161073825507
06 0.108125 0.745625 0.08120689655172414 0.05870689655172412
03 0.110625 0.042499999999999996 0.07374444444444445 0.032494444444444444
08 0.326875 0.760625 0.026238095238095227 0.031238095238095065
08 0.76375 0.776875 0.029992977528089826 0.023742977528089848
12 0.32625000000000004 0.7 0.05999509803921571 0.06499509803921566
07 0.23125 0.17875000000000002 0.012456896551724134 0.052456896551724114
18 0.725625 0.3825 0.021228448275862233 0.022478448275862095
06 0.3425 0.768125 0.034886363636363604 0.02363636363636379
00 0.104375 0.06687499999999999 0.03873579545454546 0.023735795454545447
01 0.901875 0.69125 0.03121951219512198 0.019969512195121997
07 0.769375 0.708125 0.02373214285714287 0.043732142857142886
04 0.6893750000000001 0.875 0.02873749999999997 0.02498749999999994
