06 0.81125 0.64 0.09248355263157892 0.012483552631578965
03 0.38687499999999997 0.605 0.06374161073825507 0.01999161073825506
03 0.565625 0.415 0.018706896551724195 0.02745689655172412
03 0.25125 0.16999999999999998 0.022494444444444428 0.03249444444444444
20 0.361875 0.223125 0.016238095238095274 0.018738095238095276
09 0.389375 0.27249999999999996 0.031242977528089855 0.052492977528089846
15 0.666875 0.16 0.021245098039215593 0.019995098039215675
03 0.87375 0.21875 0.0649568965517241 0.03995689655172413
00 0.905625 0.508125 0.03122844827586224 0.031228448275862075
00 0.511875 0.351875 0.03863636363636358 0.03113636363636363
09 0.125 0.150625 0.02998579545454548 0.028735795454545465
11 0.829375 0.563125 0.033719512195121926 0.03121951219512198
07 0.31375 0.6387499999999999 0.05748214285714287 0.13748214285714278
