01 0.17812499999999998 0.94375 0.02873355263157898 0.017483552631578858
06 0.5337520973154362 0.280625 0.0399958053691275 0.01624161073825503
06 0.869375 0.053125000000000006 0.06370689655172412 0.04620689655172414
03 0.19124999999999998 0.973125 0.05249444444444443 0.026244444444444293
18 0.075 0.1825 0.027488095238095228 0.029988095238095258
03 0.038125000000000006 0.106875 0.04124297752808989 0.021242977528089887
02 0.870625 0.8756250000000001 0.018745098039215646 0.04374509803921567
08 0.42874999999999996 0.68625 0.024956896551724117 0.06745689655172415
03 0.84125 0.936875 0.06747844827586225 0.05122844827586226
03 0.56375 0.54125 0.04238636363636361 0.04488636363636367
