03 0.9299999999999999 0.778125 0.054983552631578836 0.0362335526315789
04 0.6131249999999999 0.49124999999999996 0.03374161073825499 0.02499161073825501
08 0.511875 0.9475 0.018706896551724084 0.03495689655172418
03 0.903751388888889 0.33437500000000003 0.03249722222222218 0.043744444444444475
02 0.923125 0.1075 0.04373809523809513 0.034988095238095235
12 0.046875 0.595625 0.043742977528089894 0.05874297752808988
10 0.67875 0.16625 0.04999509803921576 0.014995098039215699
06 0.06875 0.8943749999999999 0.012456896551724148 0.043706896551724106
03 0.055 0.9293750000000001 0.02997844827586206 0.021228448275862122
06 0.1812784090909091 0.286875 0.02994318181818184 0.021136363636363675
10 0.481875 0.275 0.031235795454545467 0.032485795454545496
19 0.7206250000000001 0.1275 0.018719512195121912 0.049969512195121926
08 0.70875 0.019375000000000003 0.04498214285714286 0.028732142857142862
07 0.6018749999999999 0.359375 0.07123749999999995 0.05623750000000005
