06 0.420625 0.06437499999999999 0.02373355263157889 0.04373355263157895
15 0.5875 0.63 0.03749161073825502 0.03999161073825497
05 0.304375 0.813125 0.026206896551724146 0.05870689655172412
14 0.12 0.683125 0.04499444444444445 0.0212444444444444
15 0.130625 0.588125 0.02123809523809525 0.06373809523809526
11 0.37625 0.52 0.052492977528089846 0.039992977528089835
03 0.139375 0.5643750000000001 0.023745098039215706 0.02374509803921565
10 0.356875 0.855 0.036206896551724155 0.03495689655172418
04 0.12 0.31562500000000004 0.052478448275862066 0.041228448275862084
03 0.6581250000000001 0.12624999999999997 0.14363636363636367 0.06988636363636361
