03 0.439375 0.9356249999999999 0.02123355263157889 0.031233552631578898
01 0.8631249999999999 0.4225 0.018741610738254866 0.01749161073825506
01 0.034375 0.28875 0.01870689655172414 0.014956896551724164
04 0.304375 0.920625 0.023744444444444457 0.023744444444444346
08 0.691875 0.041874999999999996 0.01873809523809511 0.03873809523809523
04 0.77625 0.7606250000000001 0.024992977528089932 0.023742977528089848
18 0.61875 0.5225 0.014995098039215726 0.017495098039215673
03 0.90625 0.835 0.009956896551724048 0.02495689655172406
18 0.666875 0.06 0.01372844827586217 0.01497844827586206
19 0.5525 0.28125 0.029886363636363544 0.014886363636363642
