03 0.348125 0.026875000000000003 0.0962335526315789 0.04623355263157895
06 0.10250000000000001 0.508125 0.04249161073825504 0.04624161073825511
09 0.7518750000000001 0.30562500000000004 0.06120689655172418 0.0937068965517241
06 0.785625 0.18937500000000002 0.12874444444444433 0.12874444444444447
03 0.605 0.234375 0.044988095238095216 0.03623809523809529
11 0.88375 0.81 0.06499297752808986 0.06249297752808991
03 0.5118750000000001 0.64 0.04124509803921572 0.05749509803921571
04 0.7175 0.15125 0.0649568965517241 0.05245689655172414
04 0.575 0.404375 0.05997844827586207 0.061228448275862046
18 0.154375 0.424375 0.04363636363636364 0.04613636363636364
20 0.51125 0.506875 0.044985795454545396 0.033735795454545525
