11 0.734375 0.30437499999999995 0.05873355263157887 0.0337335526315789
03 0.440625 0.808125 0.021241610738255035 0.046241610738254835
03 0.233125 0.46499999999999997 0.05620689655172412 0.08495689655172417
03 0.784375 0.5874999999999999 0.026244444444444404 0.08499444444444448
07 0.8293779761904763 0.37375 0.1162440476190475 0.08498809523809531
06 0.739375 0.07125000000000001 0.08124297752808984 0.1324929775280899
03 0.6174999999999999 0.8768750000000001 0.03999509803921575 0.08624509803921565
03 0.6893750000000001 0.7725 0.08620689655172409 0.0749568965517241
18 0.654375 0.46625 0.03372844827586219 0.03497844827586205
03 0.9043749999999999 0.573125 0.1111363636363637 0.061136363636363544
04 0.37 0.320625 0.04998579545454551 0.03623579545454547
15 0.9293750000000001 0.510625 0.03871951219512193 0.033719512195121926
