07 0.7575041118421053 0.42000000000000004 0.03249177631578948 0.007483552631578905
04 0.585 0.068125 0.027491610738255012 0.02624161073825504
08 0.075625 0.25625 0.036206896551724134 0.042456896551724105
03 0.7375 0.11499999999999999 0.029994444444444324 0.019994444444444467
15 0.021249999999999998 0.649375 0.012488095238095236 0.021238095238095167
15 0.9387482443820225 0.1575 0.03749648876404488 0.07249297752808988
03 0.304375 0.74875 0.031245098039215713 0.032495098039215686
03 0.506875 0.626875 0.03370689655172415 0.04870689655172411
14 0.87375 0.11249999999999999 0.024978448275862153 0.044978448275862046
06 0.121875 0.575625 0.006136363636363634 0.09613636363636358
03 0.584375 0.676875 0.023735795454545405 0.021235795454545237
