03 0.756875 0.56375 0.17873355263157886 0.1199835526315789
06 0.5549999999999999 0.3825 0.08999161073825512 0.009991610738255052
03 0.768125 0.5662499999999999 0.06370689655172412 0.05245689655172414
03 0.6556249999999999 0.0925 0.043744444444444475 0.03999444444444446
03 0.361875 0.08937500000000001 0.041238095238095296 0.05373809523809524
02 0.139375 0.348125 0.0212429775280899 0.05374297752808982
15 0.7168749999999999 0.360625 0.021245098039215704 0.04874509803921573
01 0.146875 0.771875 0.023706896551724144 0.016206896551724137
14 0.9056249999999999 0.23125 0.028728448275862184 0.03497844827586208
18 0.333125 0.438125 0.02613636363636368 0.02863636363636357
04 0.72 0.825 0.037485795454545334 0.024985795454545268
03 0.219375 0.6425 0.03371951219512195 0.06246951219512198
