17 0.210625 0.41625 0.03873355263157896 0.039983552631578934
12 0.75 0.864375 0.0374916107382548 0.06624161073825485
03 0.5575 0.34625 0.04745689655172414 0.03745689655172413
20 0.97375 0.870625 0.022494444444444373 0.023744444444444346
01 0.27437500000000004 0.193125 0.036238095238095236 0.03373809523809526
12 0.508125 0.7418750000000001 0.03874297752808992 0.04124297752808992
18 0.18 0.6575 0.019995098039215703 0.022495098039215677
13 0.71875 0.39375 0.0549568965517242 0.20995689655172411
05 0.135625 0.379375 0.02872844827586206 0.021228448275862066
09 0.545625 0.47250000000000003 0.02113636363636362 0.05488636363636362
