04 0.905 0.07125 0.047483552631578885 0.04498355263157894
20 0.4675 0.6893750000000001 0.022491610738255063 0.018741610738254866
03 0.09312499999999999 0.17248922413793105 0.03620689655172414 0.022478448275862067
06 0.5700000000000001 0.451875 0.02499444444444443 0.031244444444444464
03 0.33999999999999997 0.89125 0.032488095238095316 0.02998809523809509
08 0.63 0.6825 0.024992977528089932 0.057492977528089906
18 0.725625 0.775625 0.02624509803921571 0.028745098039215655
03 0.605 0.691875 0.0549568965517242 0.043706896551724106
04 0.78625 0.44999999999999996 0.032478448275862215 0.03747844827586205
04 0.354375 0.8987499999999999 0.03613636363636363 0.02738636363636371
10 0.479375 0.046875 0.051235795454545485 0.04623579545454545
