03 0.681875 0.491875 0.033733552631578956 0.031233552631578898
07 0.600625 0.385 0.05874161073825501 0.027491610738255012
10 0.23375 0.938125 0.014956896551724136 0.01370689655172419
08 0.91625 0.27375 0.01499444444444431 0.04249444444444439
06 0.854375 0.198125 0.031238095238095065 0.013738095238095271
03 0.8725 0.15999999999999998 0.022492977528089875 0.042492977528089865
05 0.468125 0.874375 0.0162450980392157 0.03624509803921572
03 0.463125 0.42500000000000004 0.02120689655172414 0.019956896551724113
15 0.64625 0.29000000000000004 0.03497844827586205 0.02247844827586204
11 0.024375 0.051250000000000004 0.026136363636363638 0.02488636363636363
05 0.6956249999999999 0.5856250000000001 0.0337357954545453 0.016235795454545454
03 0.700625 0.226875 0.03121951219512198 0.026219512195121975
03 0.61875 0.850625 0.022482142857142895 0.05123214285714284
13 0.5175 0.18312499999999998 0.062487499999999974 0.056237500000000024
