12 0.40249999999999997 0.43374999999999997 0.024983552631578865 0.024983552631578865
03 0.8868750000000001 0.5606249999999999 0.026241610738254928 0.013741610738254972
18 0.58375 0.8525 0.009956896551724048 0.012456896551724106
15 0.89625 0.44 0.029994444444444435 0.014994444444444532
13 0.105625 0.6575 0.07623809523809522 0.02248809523809514
03 0.56125 0.6025 0.01749297752808987 0.019992977528089817
04 0.559375 0.15 0.018745098039215757 0.019995098039215675
15 0.64375 0.539375 0.0074568965517242125 0.016206896551724137
05 0.915 0.0125 0.01997844827586215 0.02497844827586207
03 0.568125 0.213125 0.02863636363636357 0.018636363636363673
04 0.5018750000000001 0.973125 0.023735795454545516 0.021235795454545348
