03 0.920625 0.4125 0.03873355263157885 0.034983552631578874
03 0.823125 0.549375 0.013741610738254861 0.028741610738255097
03 0.156239224137931 0.06125 0.022478448275862067 0.032456896551724145
06 0.39125 0.79875 0.022494444444444484 0.022494444444444373
08 0.054377976190476185 0.9425 0.03374404761904761 0.03498809523809521
14 0.393125 0.25125 0.04874297752808987 0.022492977528089847
18 0.03125 0.07375000000000001 0.019995098039215686 0.02249509803921569
01 0.681875 0.963125 0.016206896551724137 0.016206896551724137
19 0.691875 0.09062500000000001 0.02372844827586218 0.03122844827586206
03 0.44937499999999997 0.63375 0.031136363636363573 0.04988636363636356
20 0.76 0.401875 0.012485795454545312 0.01123579545454545
03 0.62875 0.7075 0.012469512195121935 0.009969512195121988
01 0.9668749999999999 0.825 0.02123214285714281 0.019982142857142837
08 0.7037500000000001 0.8875 0.047487500000000016 0.014987500000000042
