03 0.374375 0.079375 0.0337335526315789 0.03123355263157894
01 0.205625 0.53125 0.01624161073825503 0.017491610738255003
04 0.1525 0.165 0.019956896551724113 0.024956896551724117
07 0.7806249999999999 0.58375 0.07124444444444433 0.05249444444444451
14 0.8106249999999999 0.740625 0.03623809523809507 0.031238095238095065
18 0.4875 0.66625 0.01749297752808987 0.019992977528089817
07 0.9018762254901961 0.6625000000000001 0.0312475490196078 0.06249509803921571
03 0.8025 0.5425 0.01745689655172411 0.04495689655172419
13 0.764375 0.745 0.09122844827586218 0.07747844827586214
08 0.6875 0.785625 0.049886363636363784 0.018636363636363784
04 0.94 0.7675000000000001 0.029985795454545383 0.02248579545454532
20 0.96625 0.905 0.01746951219512194 0.014969512195121992
