08 0.036875000000000005 0.285 0.04123355263157895 0.01748355263157897
03 0.639375 0.464375 0.04874161073825489 0.056241610738255066
03 0.14250000000000002 0.798125 0.022456896551724143 0.026206896551724146
04 0.04875 0.43937499999999996 0.034994444444444446 0.023744444444444512
07 0.9437500000000001 0.1375 0.012488095238095132 0.06498809523809525
10 0.176875 0.65 0.028742977528089853 0.029992977528089826
18 0.6937500000000001 0.67875 0.022495098039215677 0.024995098039215624
20 0.26125 0.28 0.02995689655172412 0.024956896551724117
08 0.48750000000000004 0.023125 0.03997844827586211 0.036228448275862066
18 0.09937499999999999 0.080625 0.021136363636363634 0.023636363636363636
12 0.819375 0.41374999999999995 0.06123579545454538 0.06498579545454547
04 0.38125 0.47250000000000003 0.03746951219512201 0.034969512195121955
03 0.900625 0.510625 0.03873214285714277 0.0712321428571428
