00 0.7025 0.32499999999999996 0.03498355263157893 0.024983552631578976
04 0.725 0.6381249999999999 0.03999161073825497 0.02624161073825504
13 0.2575 0.27437500000000004 0.06495689655172412 0.08120689655172414
20 0.609375 0.961875 0.031244444444444408 0.026244444444444404
01 0.960625 0.40625 0.048738095238095136 0.037488095238095265
14 0.105625 0.024375 0.06124297752808988 0.028742977528089887
00 0.19375 0.843125 0.042495098039215695 0.03374509803921577
03 0.23375 0.24812499999999998 0.04495689655172411 0.0687068965517241
03 0.47250000000000003 0.530625 0.04247844827586206 0.046228448275862144
08 0.68875 0.8243750000000001 0.029886363636363766 0.026136363636363735
08 0.6131249999999999 0.44625000000000004 0.05623579545454538 0.017485795454545483
10 0.959375 0.46375 0.02121951219512197 0.014969512195121992
15 0.040625 0.65125 0.056232142857142856 0.022482142857142895
