01 0.356875 0.05 0.023733552631578947 0.017483552631578955
03 0.15000209731543623 0.16875 0.03249580536912752 0.05249161073825506
03 0.6799999999999999 0.579375 0.03495689655172407 0.03120689655172415
11 0.17312499999999997 0.51125 0.04374444444444445 0.03249444444444455
20 0.10062499999999999 0.9625 0.041238095238095226 0.037488095238095154
03 0.525 0.824375 0.0474929775280899 0.03874297752808986
20 0.400625 0.8612500000000001 0.03374509803921566 0.02999509803921574
13 0.746875 0.714375 0.08370689655172414 0.0862068965517242
03 0.755625 0.704375 0.036228448275862135 0.026228448275862237
03 0.13125 0.6212500000000001 0.04488636363636363 0.0323863636363636
