03 0.2475 0.733125 0.04248355263157899 0.031233552631578898
03 0.25 0.296875 0.01749161073825503 0.02624161073825504
15 0.243125 0.6725 0.01870689655172414 0.024956896551724173
12 0.87 0.620625 0.03249444444444438 0.036244444444444524
00 0.9381250000000001 0.53625 0.013738095238095105 0.01498809523809519
08 0.47625 0.21875 0.014992977528089813 0.01749297752808987
03 0.94125 0.890625 0.027495098039215682 0.031245098039215602
08 0.7475 0.6325000000000001 0.014956896551724053 0.00995689655172416
03 0.845 0.6793750000000001 0.03497844827586216 0.03872844827586219
03 0.03875 0.3675 0.027386363636363636 0.01738636363636359
18 0.1225 0.578125 0.014985795454545467 0.016235795454545565
03 0.938125 0.28375 0.028719512195122032 0.04496951219512202
20 0.979375 0.828125 0.02123214285714292 0.018732142857142753
