18 0.889375 0.296875 0.023733552631578947 0.026233552631579005
10 0.814375 0.838125 0.03374161073825488 0.026241610738254817
15 0.816875 0.36312500000000003 0.12370689655172407 0.07620689655172413
07 0.38312500000000005 0.7662500000000001 0.0762444444444445 0.017494444444444368
03 0.8425 0.54625 0.027488095238095145 0.024988095238095198
13 0.8875 0.24937499999999999 0.13749297752808987 0.08374297752808985
11 0.365625 0.303125 0.033745098039215715 0.03624509803921566
15 0.956875 0.9043749999999999 0.05870689655172412 0.06120689655172418
07 0.5475 0.665 0.104978448275862 0.032478448275862215
09 0.943125 0.4425 0.036136363636363744 0.04238636363636361
08 0.981875 0.173125 0.031235795454545356 0.031235795454545467
09 0.514375 0.475 0.026219512195121975 0.04246951219512202
03 0.43875 0.24874999999999997 0.034982142857142795 0.03498214285714282
