06 0.534375 0.10625 0.06873355263157899 0.019983552631578944
08 0.791875 0.744375 0.0637416107382549 0.021241610738254924
03 0.17812499999999998 0.899375 0.033706896551724125 0.028706896551724093
05 0.60625 0.2925 0.047494444444444506 0.027494444444444432
14 0.143125 0.68625 0.05373809523809525 0.027488095238095145
03 0.206875 0.028125 0.02624297752808985 0.05374297752808989
08 0.825625 0.32 0.031245098039215713 0.01999509803921573
03 0.785 0.334375 0.024956896551724173 0.02620689655172409
06 0.615 0.5487500000000001 0.03497844827586205 0.032478448275862104
00 0.489375 0.77625 0.04113636363636358 0.02738636363636382
