20 0.078125 0.5543750000000001 0.013733552631578952 0.016233552631578996
13 0.024999999999999998 0.8875 0.03999161073825503 0.11749161073825498
13 0.49624999999999997 0.556875 0.1924568965517241 0.06370689655172412
03 0.875 0.74875 0.039994444444444444 0.06999444444444436
06 0.621875 0.7737499999999999 0.016238095238095274 0.03248809523809515
05 0.63375 0.316875 0.02499297752808982 0.04874297752808987
03 0.59625 0.043125 0.059995098039215766 0.04124509803921568
03 0.70375 0.515 0.04745689655172414 0.057456896551724146
03 0.6875 0.67125 0.03997844827586228 0.024978448275862153
03 0.84375 0.940625 0.02488636363636365 0.02113636363636373
18 0.199375 0.080625 0.026235795454545463 0.028735795454545465
03 0.7175 0.154375 0.04246951219512196 0.056219512195121946
20 0.703125 0.135625 0.03373214285714288 0.03373214285714286
