17 0.268125 0.7887500000000001 0.046233552631578995 0.04498355263157883
04 0.640625 0.925 0.04124161073825494 0.032491610738254906
03 0.23875 0.635625 0.0674568965517241 0.03370689655172421
20 0.11937500000000001 0.93625 0.03874444444444447 0.029994444444444324
10 0.32875 0.680625 0.03498809523809526 0.02623809523809506
13 0.15562499999999999 0.195 0.11624297752808986 0.08499297752808985
04 0.625 0.45875 0.0324950980392158 0.027495098039215682
04 0.9456249999999999 0.038125 0.03120689655172415 0.02370689655172414
12 0.12375 0.1525 0.08247844827586208 0.08747844827586208
10 0.871875 0.9275 0.04113636363636375 0.04238636363636372
11 0.9299999999999999 0.271875 0.03998579545454539 0.038735795454545474
18 0.683125 0.11249999999999999 0.023719512195121917 0.027469512195121934
