20 0.42937499999999995 0.483125 0.048733552631578914 0.048733552631578914
03 0.374375 0.33375 0.09124161073825504 0.10999161073825503
03 0.56375 0.06687499999999999 0.022456896551724115 0.06370689655172414
02 0.406875 0.95 0.04624444444444448 0.05999444444444435
14 0.17500000000000002 0.5231250000000001 0.07998809523809525 0.03873809523809524
03 0.3375 0.72375 0.03999297752808989 0.02749297752808988
03 0.79625 0.9393750000000001 0.014995098039215726 0.03374509803921566
13 0.5349999999999999 0.1 0.14745689655172411 0.09995689655172414
08 0.9312499999999999 0.508125 0.06997844827586219 0.02872844827586213
06 0.198125 0.9 0.02613636363636368 0.029886363636363766
03 0.6525000000000001 0.9550000000000001 0.02248579545454532 0.05248579545454535
07 0.057499999999999996 0.775625 0.03746951219512195 0.04871951219512205
07 0.674375 0.110625 0.03873214285714288 0.046232142857142874
02 0.8831249999999999 0.9550000000000001 0.04873749999999999 0.029987499999999945
