11 0.93625 0.47625 0.022483552631578863 0.019983552631578916
04 0.034375 0.453125 0.02374161073825503 0.01624161073825503
08 0.971864224137931 0.880625 0.0062284482758621085 0.07620689655172419
14 0.71 0.33375 0.019994444444444315 0.02999444444444449
12 0.86375 0.87125 0.024988095238095198 0.027488095238095145
03 0.07500000000000001 0.04875 0.017492977528089884 0.03749297752808989
20 0.70625 0.275 0.01999509803921573 0.019995098039215675
04 0.4325 0.77625 0.014956896551724164 0.014956896551724164
14 0.333125 0.339375 0.043728448275862086 0.03372844827586208
20 0.6956249999999999 0.72875 0.018636363636363673 0.022386363636363704
03 0.040625 0.500625 0.028735795454545455 0.02623579545454552
10 0.39625 0.5843750000000001 0.017469512195121994 0.013719512195122019
08 0.4225 0.646875 0.039982142857142855 0.026232142857142815
