11 0.825625 0.6525 0.0362335526315789 0.02498355263157892
14 0.880625 0.669375 0.02374161073825487 0.026241610738254928
06 0.410625 0.14875 0.01870689655172414 0.02995689655172412
13 0.50125 0.48124999999999996 0.08749444444444449 0.05499444444444451
14 0.95625 0.30062500000000003 0.029988095238095203 0.046238095238095245
06 0.9456249999999999 0.51625 0.08624297752808985 0.06499297752808991
07 0.169375 0.809375 0.05874509803921568 0.04374509803921567
03 0.0575 0.1725 0.019956896551724154 0.022456896551724143
10 0.849375 0.47687500000000005 0.028728448275862295 0.02622844827586207
01 0.09437499999999999 0.415625 0.021136363636363634 0.01613636363636356
18 0.151875 0.09937499999999999 0.02373579545454546 0.026235795454545477
