03 0.2275 0.396875 0.07748355263157897 0.05373355263157892
13 0.405 0.11249999999999999 0.05499161073825504 0.06499161073825503
05 0.715625 0.7925 0.036206896551724044 0.022456896551724115
00 0.20375 0.311875 0.04249444444444442 0.03624444444444447
18 0.134375 0.531875 0.026238095238095227 0.02873809523809534
08 0.3375 0.18562499999999998 0.01249297752808981 0.051242977528089845
15 0.2 0.754375 0.04499509803921567 0.021245098039215704
18 0.493125 0.9575 0.023706896551724088 0.02745689655172412
06 0.6412500000000001 0.7693696120689656 0.14997844827586204 0.03123922413793112
03 0.7075 0.23125 0.03238636363636371 0.09738636363636369
