03 0.5662499999999999 0.9762500000000001 0.0624835526315789 0.012483552631578854
06 0.754375 0.490625 0.09624161073825488 0.033741610738255046
06 0.874375 0.340625 0.1012068965517241 0.07370689655172413
03 0.9225 0.024374999999999997 0.04499444444444434 0.04624444444444444
01 0.9581249999999999 0.42562500000000003 0.04373809523809513 0.04123809523809524
01 0.285625 0.265625 0.041242977528089864 0.03624297752808983
03 0.311875 0.81 0.031245098039215713 0.03749509803921569
03 0.06749999999999999 0.44999999999999996 0.04495689655172413 0.03995689655172413
15 0.7675000000000001 0.619375 0.014978448275862255 0.036228448275862135
10 0.581875 0.19125 0.026136363636363624 0.027386363636363653
08 0.38875 0.7012499999999999 0.019985795454545485 0.019985795454545374
14 0.380625 0.8275 0.03121951219512198 0.04246951219512196
13 0.389375 0.8574999999999999 0.06373214285714285 0.0899821428571429
05 0.10375 0.90875 0.04248750000000001 0.03748750000000001
