07 0.868125 0.50375 0.06873355263157888 0.02498355263157892
03 0.506875 0.71 0.021241610738255035 0.06999161073825488
14 0.050625 0.681875 0.033706896551724146 0.03120689655172404
01 0.186875 0.30874999999999997 0.02374444444444443 0.022494444444444428
03 0.5406249999999999 0.186875 0.03623809523809529 0.04123809523809527
14 0.35375 0.9199999999999999 0.019992977528089817 0.032492977528089884
03 0.8968750000000001 0.6012500000000001 0.031245098039215713 0.024995098039215624
03 0.66875 0.3875 0.039956896551724186 0.022456896551724115
04 0.7737499999999999 0.03874999999999999 0.029978448275862157 0.03247844827586206
00 0.976875 0.595 0.02113636363636373 0.019886363636363646
01 0.7675 0.315 0.017485795454545316 0.01498579545454548
