03 0.231875 0.79875 0.031233552631578954 0.03498355263157893
03 0.321875 0.16375 0.033741610738255046 0.029991610738255042
00 0.72875 0.89875 0.032456896551724124 0.02745689655172412
04 0.48125 0.264375 0.0424944444444445 0.02624444444444446
03 0.64625 0.678125 0.08498809523809525 0.09623809523809523
05 0.15375 0.7825 0.03999297752808986 0.019992977528089817
18 0.388125 0.793125 0.02374509803921565 0.02624509803921571
03 0.615 0.958125 0.05995689655172409 0.018706896551724084
09 0.26625 0.71375 0.03747844827586208 0.04747844827586212
20 0.105625 0.28312499999999996 0.026136363636363638 0.02613636363636368
03 0.708125 0.568125 0.04373579545454542 0.061235795454545494
08 0.815625 0.508125 0.04121951219512199 0.023719512195121972
20 0.22749999999999998 0.0175 0.02998214285714282 0.02998214285714286
06 0.28875 0.43437499999999996 0.06498749999999998 0.07623750000000001
