10 0.6481250000000001 0.8825000000000001 0.018733552631578942 0.01748355263157897
03 0.15437499999999998 0.8512500000000001 0.021241610738255062 0.017491610738254892
02 0.098125 0.4625 0.00870689655172413 0.009956896551724104
20 0.46625 0.686875 0.019994444444444537 0.016244444444444284
20 0.840625 0.295625 0.021238095238095167 0.018738095238095276
03 0.034375 0.695625 0.011242977528089886 0.028742977528089853
18 0.9675 0.254375 0.014995098039215726 0.0162450980392157
03 0.22125 0.29375 0.022456896551724115 0.06745689655172415
03 0.483125 0.0925 0.023728448275862013 0.039978448275862055
03 0.94 0.4375 0.012386363636363806 0.01738636363636359
10 0.18937500000000002 0.38125 0.021235795454545486 0.022485795454545487
05 0.5825 0.7725 0.012469512195121935 0.022469512195121943
