14 0.184375 0.80375 0.04123355263157899 0.029983552631578925
03 0.08812500000000001 0.5725 0.10374161073825505 0.06749161073825505
08 0.607510775862069 0.858125 0.047478448275862006 0.018706896551724084
03 0.278125 0.32062500000000005 0.04624444444444442 0.03624444444444447
20 0.28500000000000003 0.08875 0.024988095238095254 0.017488095238095233
08 0.40312499999999996 0.150625 0.021242977528089846 0.03874297752808989
08 0.611875 0.195625 0.036245098039215606 0.018745098039215702
07 0.280625 0.056249999999999994 0.023706896551724144 0.09745689655172413
13 0.9525 0.524375 0.049978448275862286 0.04872844827586209
04 0.9706250000000001 0.8418749999999999 0.02363636363636379 0.018636363636363673
14 0.455625 0.45375 0.023735795454545516 0.049985795454545456
