04 0.138125 0.5075000000000001 0.03123355263157894 0.029983552631578925
20 0.2225 0.024374999999999997 0.022491610738255063 0.02374161073825503
14 0.9550000000000001 0.885625 0.04245689655172413 0.026206896551724146
03 0.190625 0.048125 0.041244444444444445 0.041244444444444445
06 0.44875 0.7762500000000001 0.029988095238095258 0.012488095238095132
04 0.5449999999999999 0.379375 0.02499297752808982 0.02624297752808985
05 0.649375 0.5275 0.02624509803921571 0.024995098039215735
01 0.41812499999999997 0.369375 0.01870689655172414 0.013706896551724135
06 0.06 0.22 0.012478448275862059 0.027478448275862044
07 0.8631534090909091 0.49125 0.03119318181818187 0.022386363636363593
03 0.016246448863636364 0.044375 0.02999289772727273 0.031235795454545454
