06 0.87625 0.395 0.047483552631578885 0.047483552631578885
07 0.21437499999999998 0.8843749999999999 0.053741610738255036 0.04874161073825489
15 0.408739224137931 0.816875 0.039978448275862055 0.0337068965517241
12 0.8474999999999999 0.42562500000000003 0.06749444444444441 0.0762444444444445
15 0.874375 0.376875 0.048738095238095136 0.07373809523809527
20 0.174375 0.64375 0.028742977528089853 0.027492977528089768
06 0.29125 0.49 0.12999509803921572 0.054995098039215706
03 0.943125 0.32125000000000004 0.05120689655172406 0.02995689655172412
03 0.59375 0.19187500000000002 0.0899784482758621 0.03372844827586205
00 0.8518749999999999 0.43562500000000004 0.06863636363636372 0.05113636363636359
16 0.7406250000000001 0.92875 0.07623579545454529 0.0649857954545453
03 0.22125 0.09125 0.092469512195122 0.039969512195121945
