14 0.691875 0.57875 0.016233552631578885 0.017483552631578858
06 0.065 0.186875 0.009991610738255031 0.023741610738255065
04 0.186875 0.88125 0.031206896551724123 0.02745689655172412
09 0.8574999999999999 0.9624999999999999 0.02499444444444443 0.017494444444444368
04 0.25375000000000003 0.315 0.03248809523809529 0.02248809523809525
04 0.6074999999999999 0.5562499999999999 0.022492977528089875 0.014992977528089813
02 0.2175 0.2925 0.017495098039215673 0.05749509803921571
03 0.39625 0.688125 0.032456896551724124 0.0387068965517241
14 0.475 0.879375 0.014978448275862088 0.01622844827586223
01 0.694375 0.0875 0.018636363636363673 0.014886363636363628
18 0.7262500000000001 0.10375000000000001 0.019985795454545374 0.022485795454545474
03 0.2575 0.9575 0.02246951219512197 0.014969512195121992
03 0.865 0.9575 0.012482142857142886 0.02748214285714279
