05 0.608125 0.583125 0.051233552631578916 0.051233552631578805
01 0.49187499999999995 0.791875 0.03624161073825499 0.021241610738254924
08 0.06562499999999999 0.8825000000000001 0.03620689655172414 0.08245689655172417
13 0.5375000000000001 0.7112499999999999 0.07499444444444447 0.07999444444444437
09 0.459375 0.849375 0.05123809523809525 0.10123809523809513
03 0.09 0.808125 0.034992977528089886 0.03374297752808986
05 0.421875 0.8275 0.038745098039215664 0.0474950980392157
08 0.31626077586206897 0.059375 0.0274784482758621 0.03620689655172415
14 0.3 0.286875 0.04497844827586206 0.11122844827586206
03 0.756875 0.93625 0.09863636363636374 0.057386363636363735
