01 0.8043750000000001 0.21187499999999998 0.02873355263157895 0.01873355263157897
03 0.9525 0.18312499999999998 0.03999161073825497 0.07374161073825505
06 0.63875 0.128125 0.01745689655172411 0.15370689655172415
03 0.766875 0.5275000000000001 0.061244444444444324 0.05249444444444451
13 0.4325 0.29812500000000003 0.11998809523809528 0.11623809523809528
14 0.05 0.050625 0.049992977528089885 0.028742977528089887
03 0.8987499999999999 0.23875000000000002 0.052495098039215704 0.022495098039215705
10 0.114375 0.544375 0.051206896551724126 0.03870689655172421
03 0.1075 0.4925 0.06997844827586205 0.05497844827586207
13 0.631875 0.72375 0.03113636363636363 0.13988636363636364
11 0.18125 0.71625 0.05248579545454546 0.034985795454545277
