03 0.16125 0.434375 0.014983552631578967 0.04123355263157891
07 0.23500000000000001 0.134375 0.03249161073825507 0.03624161073825505
03 0.5625 0.8656250000000001 0.02745689655172412 0.02120689655172414
08 0.110625 0.7068749999999999 0.013744444444444462 0.061244444444444324
14 0.06875 0.6656249999999999 0.022488095238095238 0.058738095238095256
18 0.49187499999999995 0.770625 0.018742977528089788 0.02124297752808979
03 0.278125 0.490625 0.0162450980392157 0.038745098039215664
20 0.978125 0.79375 0.008706896551724075 0.00995689655172416
09 0.11125000000000002 0.70375 0.03997844827586207 0.02997844827586227
09 0.54625 0.14250000000000002 0.019886363636363535 0.03238636363636363
09 0.14875 0.41125 0.024985795454545462 0.019985795454545485
08 0.135 0.78 0.014969512195121937 0.03746951219512196
