11 0.920625 0.619375 0.02873355263157895 0.031233552631578898
13 0.033749999999999995 0.07375000000000001 0.05499161073825503 0.04499161073825504
19 0.639375 0.246875 0.018706896551724084 0.02120689655172414
01 0.6825 0.3625 0.02499444444444432 0.022494444444444484
07 0.679375 0.5125 0.11123809523809514 0.02248809523809525
05 0.16249999999999998 0.220625 0.022492977528089847 0.031242977528089855
03 0.759375 0.303125 0.028745098039215655 0.03624509803921566
04 0.549375 0.944375 0.03120689655172415 0.023706896551724088
04 0.49875 0.6475 0.0274784482758621 0.01997844827586215
07 0.529375 0.42374999999999996 0.03863636363636358 0.04488636363636361
