03 0.32625 0.55125 0.057483552631578894 0.03498355263157893
18 0.2575 0.74 0.014991610738255057 0.017491610738254892
08 0.243125 0.46499999999999997 0.03870689655172416 0.019956896551724113
18 0.563125 0.8243750000000001 0.016244444444444506 0.01874444444444434
06 0.64375 0.07 0.017488095238095247 0.07998809523809523
01 0.4 0.279375 0.019992977528089872 0.01374297752808984
10 0.73 0.566875 0.01999509803921562 0.018745098039215646
18 0.981875 0.598125 0.01370689655172408 0.016206896551724137
19 0.74375 0.7050000000000001 0.02997844827586227 0.01997844827586215
03 0.205625 0.275 0.018636363636363673 0.03238636363636366
13 0.37 0.6812499999999999 0.0399857954545455 0.09248579545454538
11 0.67375 0.893125 0.029969512195122006 0.018719512195121912
