00 0.1675 0.76625 0.02998355263157898 0.027483552631578867
20 0.8812500000000001 0.8275 0.014991610738254946 0.014991610738254835
07 0.21125 0.305 0.024956896551724117 0.02745689655172412
14 0.845 0.921875 0.02499444444444432 0.026244444444444293
20 0.161875 0.89875 0.018738095238095248 0.017488095238095136
13 0.295625 0.41500000000000004 0.028742977528089853 0.027492977528089824
14 0.69375 0.280625 0.014995098039215726 0.04374509803921567
03 0.1575 0.12125 0.024956896551724117 0.019956896551724113
01 0.8775 0.63375 0.012478448275862308 0.012478448275862086
08 0.43875 0.18937500000000002 0.007386363636363635 0.02363636363636365
05 0.96875 0.5956250000000001 0.029985795454545272 0.0187357954545454
03 0.18 0.73 0.029969512195121978 0.04246951219512196
17 0.9612499999999999 0.790625 0.022482142857142784 0.026232142857142815
