18 0.49687499999999996 0.56375 0.01623355263157883 0.019983552631578916
01 0.17875 0.8987499999999999 0.014991610738255057 0.012491610738254999
14 0.718125 0.44375 0.01370689655172419 0.02245689655172417
03 0.545625 0.036250000000000004 0.026244444444444515 0.017494444444444444
18 0.85875 0.94625 0.017488095238095136 0.019988095238095194
13 0.82375 0.0475 0.07749297752808992 0.0474929775280899
03 0.11812377450980391 0.20750000000000002 0.021247549019607834 0.019995098039215703
19 0.218125 0.775 0.021206896551724114 0.024956896551724173
16 0.27625 0.385 0.029978448275862046 0.03247844827586205
04 0.460625 0.5818749999999999 0.023636363636363567 0.02113636363636362
03 0.5125 0.32875 0.017485795454545427 0.06498579545454547
06 0.693125 0.0975 0.033719512195121926 0.059969512195121935
