03 0.579375 0.036250000000000004 0.07123355263157893 0.03248355263157895
15 0.06375 0.761875 0.014991610738255029 0.02374161073825487
03 0.9125 0.7093750000000001 0.039956896551724075 0.043706896551724106
15 0.619375 0.5625 0.053744444444444484 0.019994444444444426
06 0.3106279761904762 0.1075 0.033744047619047646 0.08248809523809522
02 0.19375 0.22499999999999998 0.049992977528089844 0.03749297752808986
08 0.236875 0.33187500000000003 0.018745098039215702 0.05874509803921574
03 0.89375 0.503125 0.05495689655172409 0.043706896551724106
15 0.905 0.878125 0.049978448275862175 0.036228448275862246
03 0.844375 0.909375 0.03113636363636374 0.036136363636363744
07 0.19687144886363636 0.85625 0.018742897727272723 0.037485795454545334
03 0.106875 0.8049999999999999 0.05871951219512195 0.04996951219512191
