12 0.9275 0.2025 0.09748355263157893 0.08748355263157895
20 0.21437499999999998 0.25875000000000004 0.05124161073825503 0.047491610738255086
00 0.72875 0.77125 0.039956896551724075 0.029956896551724066
12 0.754375 0.135 0.13374444444444433 0.07749444444444445
03 0.443125 0.58125 0.03623809523809529 0.06998809523809524
18 0.0775 0.51875 0.04749297752808989 0.0499929775280899
19 0.37812500000000004 0.6675 0.07124509803921569 0.06249509803921571
04 0.858125 0.203125 0.05120689655172417 0.043706896551724106
14 0.8343750000000001 0.835 0.07122844827586217 0.10497844827586222
03 0.18375 0.8175 0.039886363636363664 0.03488636363636366
03 0.500625 0.738125 0.1287357954545454 0.048735795454545316
00 0.5175000000000001 0.110625 0.06746951219512198 0.056219512195121946
