19 0.7125 0.126875 0.007483552631578849 0.011233552631578922
12 0.766875 0.244375 0.03374161073825488 0.03374161073825502
03 0.61625 0.548125 0.01745689655172411 0.0387068965517241
07 0.8300000000000001 0.566875 0.05249444444444429 0.036244444444444524
09 0.2375 0.56 0.03498809523809529 0.04998809523809522
08 0.816875 0.6224982443820224 0.03374297752808986 0.024996488764044922
04 0.330625 0.506875 0.02374509803921565 0.016245098039215644
08 0.69875 0.25375 0.012456896551724106 0.032456896551724096
03 0.745 0.586875 0.02997844827586227 0.036228448275862024
03 0.45875 0.305625 0.01738636363636359 0.04863636363636359
06 0.9618785511363637 0.72125 0.0537428977272727 0.03748579545454522
14 0.33125 0.10750000000000001 0.04246951219512196 0.03496951219512194
