13 0.18 0.106875 0.034983552631578985 0.07623355263157894
18 0.07062500000000001 0.8043750000000001 0.031241610738255043 0.03124161073825482
07 0.16126077586206897 0.353125 0.05997844827586207 0.023706896551724144
01 0.535625 0.9299999999999999 0.043744444444444475 0.029994444444444324
10 0.07875 0.053750000000000006 0.034988095238095235 0.027488095238095235
09 0.41125 0.931875 0.04249297752808989 0.03874297752808986
01 0.869375 0.59625 0.04124509803921561 0.024995098039215624
08 0.774375 0.294375 0.018706896551724195 0.06120689655172418
07 0.41000000000000003 0.83375 0.02247844827586204 0.12997844827586214
14 0.9199999999999999 0.5331250000000001 0.039886363636363664 0.043636363636363584
03 0.1375 0.22625 0.029985795454545466 0.03748579545454547
14 0.33625 0.3625 0.022469512195121943 0.029969512195122006
09 0.53375 0.91125 0.02498214285714273 0.047482142857142806
