15 0.34687500000000004 0.16375 0.013733552631578883 0.039983552631578934
06 0.521875 0.48375 0.03624161073825505 0.034991610738255075
03 0.47750000000000004 0.856875 0.024956896551724117 0.02120689655172414
19 0.62 0.393125 0.019994444444444426 0.016244444444444506
13 0.74 0.2975 0.04748809523809516 0.029988095238095258
06 0.2875 0.910625 0.06499297752808986 0.023742977528089848
12 0.9675 0.48812500000000003 0.03999509803921564 0.02874509803921571
20 0.309375 0.149375 0.011206896551724133 0.013706896551724135
02 0.328125 0.6400000000000001 0.03122844827586202 0.00997844827586214
20 0.521875 0.31625000000000003 0.018636363636363562 0.017386363636363644
20 0.1 0.5125 0.014985795454545467 0.017485795454545427
13 0.6725000000000001 0.5774999999999999 0.014969512195121992 0.087469512195122
