03 0.678125 0.54375 0.023733552631578947 0.09248355263157892
03 0.34125 0.384375 0.042491610738255026 0.05874161073825507
07 0.155625 0.6487499999999999 0.05370689655172414 0.032456896551724124
07 0.22375 0.6275 0.06499444444444444 0.04499444444444445
00 0.81 0.49 0.04748809523809505 0.04248809523809527
06 0.36125 0.44625000000000004 0.08499297752808987 0.02249297752808982
08 0.450625 0.075625 0.0837450980392157 0.03624509803921569
13 0.75 0.508125 0.06495689655172421 0.07870689655172419
14 0.26249999999999996 0.0925 0.027478448275862044 0.04247844827586206
03 0.5331250000000001 0.665625 0.023636363636363567 0.033636363636363686
08 0.0475 0.700625 0.01498579545454546 0.0337357954545453
03 0.57375 0.891875 0.06246951219512198 0.04121951219512199
