06 0.1225 0.683125 0.03748355263157893 0.06873355263157888
09 0.409375 0.103125 0.031241610738255043 0.048741610738255045
13 0.39625 0.519375 0.04745689655172414 0.06120689655172412
13 0.17312499999999997 0.083125 0.03874444444444444 0.03874444444444444
20 0.940625 0.971875 0.021238095238095167 0.023738095238095114
04 0.058124999999999996 0.14750000000000002 0.031242977528089882 0.022492977528089902
09 0.713125 0.23125 0.023745098039215762 0.029995098039215712
05 0.96625 0.93875 0.012456896551724106 0.032456896551724124
03 0.240625 0.019375000000000003 0.011228448275862057 0.021228448275862073
08 0.46375 0.393125 0.009886363636363638 0.03113636363636363
03 0.953125 0.5662499999999999 0.03623579545454536 0.017485795454545427
00 0.354375 0.8512500000000001 0.026219512195121975 0.024969512195122
