05 0.7050000000000001 0.29500000000000004 0.022483552631578863 0.034983552631578985
04 0.97375 0.060625 0.03499161073825485 0.02374161073825503
15 0.588125 0.22 0.036206896551724155 0.04745689655172414
02 0.71875 0.270625 0.027494444444444266 0.03874444444444447
12 0.14250000000000002 0.133125 0.06748809523809525 0.061238095238095244
03 0.9075 0.7987500000000001 0.029992977528089826 0.03749297752808978
14 0.165 0.15375 0.03999509803921569 0.0474950980392157
11 0.52875 0.271875 0.03745689655172413 0.03370689655172415
06 0.515625 0.0375 0.04372844827586203 0.014978448275862064
09 0.553125 0.9293750000000001 0.03613636363636363 0.053636363636363815
07 0.8025 0.9256249999999999 0.04998579545454529 0.031235795454545356
06 0.1525076219512195 0.563125 0.11248475609756096 0.033719512195121926
04 0.5025000000000001 0.057499999999999996 0.03748214285714285 0.03748214285714285
