14 0.05625 0.5918749999999999 0.027483552631578964 0.013733552631578827
13 0.24375 0.04875 0.08499161073825506 0.04999161073825503
08 0.10250000000000001 0.5425 0.01245689655172412 0.032456896551724124
14 0.334375 0.025 0.02624444444444446 0.019994444444444443
05 0.1925 0.085 0.014988095238095273 0.03248809523809523
06 0.760625 0.536875 0.018742977528089844 0.07124297752808983
03 0.7675000000000001 0.484375 0.02999509803921574 0.021245098039215704
20 0.30437499999999995 0.9181250000000001 0.01870689655172414 0.01370689655172408
11 0.65875 0.14875 0.024978448275862264 0.02497844827586207
05 0.096875 0.9475 0.028636363636363626 0.01738636363636381
08 0.219375 0.060625 0.02623579545454549 0.03123579545454544
