03 0.33999999999999997 0.84125 0.024983552631578865 0.03748355263157899
03 0.911875 0.8500000000000001 0.04374161073825489 0.03749161073825491
06 0.256875 0.055625 0.02870689655172412 0.018706896551724153
08 0.7949999999999999 0.383125 0.017494444444444368 0.033744444444444466
07 0.6775 0.7024970238095238 0.07998809523809525 0.024994047619047666
07 0.719375 0.526875 0.02124297752808979 0.08124297752808984
00 0.7268749999999999 0.32999999999999996 0.03374509803921566 0.03499509803921569
03 0.271875 0.44 0.023706896551724144 0.032456896551724124
07 0.67125 0.6425000000000001 0.024978448275862153 0.04747844827586212
03 0.283125 0.095625 0.061136363636363655 0.04113636363636364
07 0.7025035511363638 0.225 0.059992897727272676 0.01498579545454548
