04 0.18375000000000002 0.8756250000000001 0.04748355263157894 0.031233552631578898
03 0.18125 0.1825 0.05749161073825504 0.07499161073825505
14 0.25875 0.9293750000000001 0.02745689655172409 0.04120689655172416
03 0.46125 0.7250000000000001 0.03249444444444449 0.05999444444444435
19 0.30062500000000003 0.11875000000000001 0.038738095238095294 0.04248809523809524
04 0.3725 0.39875 0.039992977528089835 0.049992977528089844
17 0.84875 0.49312500000000004 0.06499509803921577 0.061245098039215684
02 0.7987500000000001 0.320625 0.0649568965517241 0.0387068965517241
04 0.053125000000000006 0.353125 0.046228448275862075 0.028728448275862073
08 0.3025 0.4575 0.027386363636363653 0.052386363636363564
08 0.47875 0.280625 0.0349857954545455 0.04873579545454548
03 0.30062500000000003 0.8400000000000001 0.06121951219512195 0.03746951219512196
