07 0.238125 0.518125 0.031233552631578954 0.02873355263157895
15 0.5475000000000001 0.5856250000000001 0.02999161073825507 0.01624161073825514
12 0.29312499999999997 0.8512500000000001 0.03870689655172416 0.032456896551724124
03 0.125 0.7575000000000001 0.024994444444444472 0.027494444444444377
04 0.2875 0.6356249999999999 0.01998809523809525 0.01873809523809522
10 0.6074999999999999 0.60625 0.012492977528089866 0.014992977528089813
03 0.13624999999999998 0.01875 0.022495098039215705 0.029995098039215688
20 0.506875 0.11812500000000001 0.01370689655172408 0.01870689655172414
03 0.5700000000000001 0.029375 0.012478448275862086 0.018728448275862074
03 0.49874999999999997 0.24875000000000003 0.012386363636363584 0.01488636363636367
