02 0.32375 0.6756249999999999 0.029983552631578925 0.20623355263157894
06 0.255 0.32 0.024991610738255066 0.23999161073825503
08 0.846875 0.325625 0.08370689655172414 0.10870689655172416
10 0.364375 0.48062499999999997 0.0687444444444445 0.06874444444444444
10 0.8325 0.06625 0.10998809523809516 0.10748809523809523
20 0.940625 0.953125 0.04874297752808987 0.033742977528089746
18 0.519375 0.40937500000000004 0.05874509803921574 0.061245098039215684
08 0.775 0.46375 0.049956896551724084 0.1324568965517241
17 0.63625 0.25 0.10247844827586217 0.09247844827586205
01 0.22562500000000002 0.65 0.05613636363636368 0.037386363636363606
20 0.6381249999999999 0.605 0.07373579545454545 0.06748579545454547
12 0.920625 0.37 0.09871951219512198 0.14746951219512194
03 0.630625 0.4425 0.17623214285714284 0.08748214285714284
18 0.588125 0.385625 0.05623749999999994 0.0587375
