20 0.9450000000000001 0.659375 0.027483552631578978 0.018733552631578942
18 0.14250000000000002 0.8975 0.022491610738255036 0.024991610738254955
06 0.20687499999999998 0.794375 0.031206896551724123 0.14120689655172403
18 0.8668750000000001 0.77125 0.026244444444444404 0.027494444444444266
03 0.30124702380952384 0.2075 0.019994047619047606 0.04498809523809527
08 0.12187675561797752 0.5874999999999999 0.13124648876404493 0.014992977528089813
05 0.6475 0.89625 0.0474950980392157 0.034995098039215744
06 0.220625 0.78125 0.0987068965517241 0.057456896551724146
04 0.043125 0.963125 0.04122844827586207 0.04122844827586225
06 0.5475 0.7525 0.03488636363636366 0.032386363636363824
20 0.5487500000000001 0.6556249999999999 0.037485795454545445 0.03623579545454547
09 0.018125000000000002 0.10375000000000001 0.021219512195121953 0.03496951219512194
03 0.69375 0.641875 0.08748214285714284 0.036232142857142824
01 0.713125 0.9875 0.02123750000000002 0.01748749999999999
