06 0.17312088815789473 0.49312500000000004 0.18874177631578948 0.24373355263157892
02 0.7125 0.8674999999999999 0.07249161073825494 0.09749161073825496
13 0.7887500000000001 0.6825 0.13495689655172416 0.2474568965517241
08 0.240625 0.448125 0.08374444444444445 0.06374444444444449
09 0.743125 0.13437500000000002 0.14623809523809517 0.14123809523809525
08 0.80125 0.546875 0.05499297752808985 0.06874297752808989
05 0.675625 0.211875 0.11124509803921567 0.06374509803921569
00 0.150625 0.933125 0.09620689655172412 0.09120689655172409
02 0.9225 0.43125 0.11997844827586213 0.16747844827586206
03 0.774375 0.15000000000000002 0.08863636363636374 0.17988636363636365
