01 0.93875 0.39125 0.012483552631578854 0.01248355263157891
12 0.6174999999999999 0.58 0.022491610738255008 0.03749161073825502
12 0.924375 0.245 0.02120689655172414 0.02745689655172412
03 0.605625 0.650625 0.016244444444444506 0.04624444444444442
01 0.2025 0.051875 0.017488095238095275 0.018738095238095234
03 0.531875 0.7206250000000001 0.011242977528089781 0.03374297752808986
12 0.41874999999999996 0.606875 0.019995098039215675 0.036245098039215606
03 0.544375 0.07874999999999999 0.011206896551724133 0.02245689655172413
20 0.291875 0.32125000000000004 0.01372844827586206 0.014978448275862088
01 0.135625 0.953125 0.023636363636363622 0.018636363636363784
