02 0.195 0.27437500000000004 0.024983552631578976 0.028733552631579007
03 0.03875 0.199375 0.014991610738255029 0.031241610738255043
05 0.133125 0.494375 0.026206896551724132 0.028706896551724093
13 0.764375 0.515 0.05374444444444437 0.027494444444444488
07 0.6575 0.9624999999999999 0.014988095238095078 0.03248809523809515
03 0.52625 0.730625 0.039992977528089835 0.018742977528089844
04 0.7562500000000001 0.640625 0.01999509803921573 0.0162450980392157
20 0.36875 0.8875 0.02245689655172417 0.019956896551724168
06 0.87375 0.145625 0.06497844827586219 0.053728448275862054
06 0.23375 0.8 0.01488636363636367 0.022386363636363815
20 0.259375 0.51 0.018735795454545456 0.01748579545454554
04 0.1925 0.411875 0.019969512195121997 0.02121951219512197
06 0.18625 0.675 0.027482142857142844 0.012482142857142775
