03 0.85375 0.580625 0.017483552631578858 0.051233552631578916
02 0.03 0.626875 0.01999161073825503 0.05124161073825495
01 0.155625 0.11374999999999999 0.026206896551724118 0.02245689655172413
05 0.299375 0.052500000000000005 0.031244444444444408 0.017494444444444444
09 0.57125 0.17812499999999998 0.027488095238095256 0.03373809523809526
07 0.10625 0.23249999999999998 0.009992977528089891 0.032492977528089856
09 0.72375 0.983125 0.04499509803921575 0.0162450980392157
10 0.150625 0.531875 0.02870689655172412 0.0237068965517242
02 0.4275 0.91 0.04497844827586206 0.03497844827586216
03 0.025625000000000002 0.32999999999999996 0.02363636363636364 0.04988636363636362
06 0.611875 0.348125 0.06373579545454544 0.016235795454545454
03 0.3425 0.595625 0.017469512195121994 0.02121951219512197
03 0.51125 0.485 0.02748214285714279 0.02498214285714284
