11 0.6775 0.900625 0.019983552631578916 0.026233552631578894
03 0.693125 0.08 0.038741610738254995 0.019991610738255033
07 0.900625 0.085625 0.03120689655172404 0.011206896551724119
07 0.776875 0.678125 0.023744444444444346 0.0837444444444444
12 0.8512500000000001 0.10875000000000001 0.03248809523809515 0.049988095238095234
12 0.11374999999999999 0.96625 0.02249297752808989 0.02499297752808982
03 0.8656250000000001 0.31937499999999996 0.03374509803921566 0.026245098039215653
13 0.485625 0.458125 0.04370689655172416 0.023706896551724088
03 0.5431250000000001 0.675 0.021228448275862122 0.042478448275862224
01 0.43625 0.974375 0.017386363636363644 0.011136363636363722
03 0.229375 0.584375 0.006235795454545473 0.02123579545454546
03 0.0925 0.53375 0.01746951219512194 0.04996951219512191
03 0.638125 0.81375 0.033732142857142766 0.019982142857142837
03 0.7112499999999999 0.938125 0.014987500000000042 0.043737499999999985
