14 0.390625 0.646875 0.05623355263157892 0.03873355263157885
15 0.353125 0.7675000000000001 0.02874161073825504 0.049991610738254866
14 0.921875 0.26875 0.0387068965517241 0.01745689655172411
09 0.1593736111111111 0.18937500000000002 0.0562472222222222 0.041244444444444445
12 0.499375 0.9468749999999999 0.041238095238095296 0.04373809523809513
14 0.1825 0.89125 0.039992977528089835 0.0624929775280898
20 0.33187500000000003 0.9025000000000001 0.026245098039215653 0.01999509803921573
18 0.10250000000000001 0.44625000000000004 0.02245689655172413 0.024956896551724117
06 0.675625 0.6875 0.011228448275862224 0.09497844827586222
08 0.089375 0.126875 0.03613636363636363 0.04613636363636363
