18 0.533125 0.038125 0.026233552631578894 0.028733552631578948
07 0.73625 0.26125 0.022491610738254897 0.10499161073825508
03 0.586875 0.18562499999999998 0.046206896551724164 0.043706896551724134
02 0.16812499999999997 0.318125 0.016244444444444478 0.02874444444444446
19 0.63125 0.079375 0.04248809523809527 0.04373809523809524
10 0.074375 0.149375 0.028742977528089894 0.0187429775280899
09 0.494375 0.35250000000000004 0.018745098039215702 0.05999509803921571
08 0.425 0.14375 0.012456896551724106 0.049956896551724125
20 0.62875 0.281875 0.0274784482758621 0.021228448275862066
03 0.28312499999999996 0.34562499999999996 0.04363636363636364 0.056136363636363595
10 0.7775 0.40375 0.03998579545454528 0.037485795454545445
20 0.848125 0.985625 0.018719512195122023 0.016219512195121966
03 0.11000000000000001 0.25187499999999996 0.04998214285714288 0.09123214285714282
02 0.37625 0.22999999999999998 0.05748749999999997 0.01998750000000002
