10 0.27875 0.67 0.022483552631578974 0.014983552631578911
01 0.73125 0.865625 0.017491610738254892 0.011241610738254915
20 0.9143749999999999 0.454375 0.023706896551724088 0.021206896551724086
20 0.356875 0.56875 0.018744444444444452 0.014994444444444532
08 0.7125 0.974375 0.027488095238095145 0.03623809523809518
18 0.88875 0.023125 0.01749297752808987 0.021242977528089887
01 0.7075 0.9624999999999999 0.014995098039215726 0.012495098039215669
14 0.7962499999999999 0.643125 0.022456896551724115 0.011206896551724133
14 0.254375 0.195625 0.011228448275862057 0.018728448275862064
06 0.474375 0.365 0.008636363636363609 0.0848863636363636
03 0.45375 0.5275000000000001 0.009985795454545476 0.0349857954545455
03 0.306875 0.11375 0.008719512195122014 0.022469512195121943
20 0.339375 0.459375 0.013732142857142804 0.01873214285714281
03 0.744375 0.026875000000000003 0.023737499999999967 0.016237500000000002
