09 0.8949958881578948 0.20500000000000002 0.02249177631578947 0.04998355263157897
03 0.936875 0.7024999999999999 0.04374161073825489 0.0274916107382549
14 0.486875 0.028124999999999997 0.018706896551724084 0.016206896551724134
06 0.425 0.66375 0.06749444444444452 0.0524944444444444
14 0.525625 0.25 0.03873809523809535 0.029988095238095286
03 0.465625 0.79 0.028742977528089853 0.04499297752808984
14 0.586875 0.740625 0.04874509803921567 0.02624509803921571
06 0.11249999999999999 0.7975 0.039956896551724116 0.06745689655172415
03 0.6481250000000001 0.8275 0.028728448275862184 0.049978448275862286
12 0.44875 0.9356249999999999 0.0323863636363636 0.03863636363636369
