07 0.27625 0.865 0.01998355263157897 0.03498355263157893
15 0.22312500000000002 0.37124999999999997 0.008741610738255051 0.01749161073825506
03 0.36812500000000004 0.483125 0.00870689655172413 0.01620689655172408
08 0.94 0.203125 0.02499444444444443 0.028744444444444406
20 0.24625 0.47 0.024988095238095254 0.01998809523809525
01 0.6675 0.365625 0.02749297752808988 0.021242977528089846
13 0.3025 0.43625 0.029995098039215684 0.0449950980392157
03 0.711875 0.23875000000000002 0.016206896551724137 0.022456896551724143
01 0.569375 0.5775 0.01372844827586206 0.009978448275862029
01 0.45625 0.115625 0.01738636363636359 0.01613636363636363
02 0.16062500000000002 0.02125 0.016235795454545482 0.027485795454545457
15 0.5525 0.44937499999999997 0.014969512195121992 0.01621951219512202
02 0.559375 0.71 0.023732142857142757 0.047482142857142806
12 0.7675 0.47875 0.0324875 0.034987500000000005
