07 0.69625 0.9356249999999999 0.057483552631578894 0.02123355263157889
06 0.479375 0.711875 0.176241610738255 0.031241610738254932
10 0.843125 0.30875 0.04120689655172405 0.032456896551724124
06 0.58125 0.45375 0.04499444444444445 0.0399944444444445
06 0.10875 0.598125 0.034988095238095235 0.04873809523809525
03 0.566875 0.690625 0.05124297752808982 0.03374297752808986
15 0.9312499999999999 0.12875 0.05499509803921565 0.06999509803921568
13 0.06875 0.424375 0.09495689655172414 0.026206896551724146
11 0.5406249999999999 0.49687499999999996 0.04622844827586203 0.048728448275862035
03 0.2925 0.85 0.04488636363636367 0.08238636363636376
13 0.5025 0.265625 0.17248579545454545 0.10123579545454545
03 0.039999999999999994 0.38625 0.05996951219512194 0.07746951219512199
03 0.46375 0.31937499999999996 0.07748214285714283 0.05373214285714284
