03 0.9375 0.30874999999999997 0.022483552631578974 0.039983552631578934
18 0.348125 0.359375 0.01624161073825503 0.018741610738255088
08 0.68875 0.378125 0.012456896551724106 0.03120689655172415
03 0.836875 0.20375 0.01874444444444434 0.03499444444444441
20 0.12125 0.025 0.019988095238095235 0.014988095238095234
10 0.659375 0.026249999999999996 0.028742977528089853 0.024992977528089884
04 0.870625 0.631875 0.0162450980392157 0.018745098039215757
07 0.16875 0.47250000000000003 0.017456896551724138 0.034956896551724126
14 0.971875 0.6756249999999999 0.02372844827586229 0.026228448275862237
03 0.233125 0.29500000000000004 0.011136363636363666 0.027386363636363653
00 0.09000000000000001 0.308125 0.02248579545454546 0.02123579545454546
08 0.8293673780487805 0.67125 0.026234756097560985 0.039969512195122014
06 0.6975 0.860625 0.014982142857142833 0.05623214285714284
00 0.87875 0.093125 0.029987500000000056 0.023737500000000022
