03 0.26 0.8925000000000001 0.027483552631578978 0.03248355263157887
08 0.185 0.44875 0.06749161073825505 0.03499161073825502
03 0.188125 0.188125 0.04870689655172414 0.05370689655172414
07 0.09562500000000002 0.675 0.08124444444444447 0.09999444444444439
03 0.0825029761904762 0.276875 0.00999404761904761 0.0487380952380953
10 0.920625 0.92375 0.04874297752808987 0.039992977528089835
05 0.3331237745098039 0.88375 0.04374754901960781 0.0474950980392157
06 0.345625 0.436875 0.043706896551724106 0.13620689655172408
07 0.623125 0.166875 0.08622844827586218 0.04872844827586206
18 0.433125 0.611875 0.03863636363636358 0.04113636363636364
08 0.111875 0.6625 0.051235795454545485 0.029985795454545272
