20 0.218125 0.229375 0.02873355263157898 0.021233552631578972
06 0.16312500000000002 0.821875 0.06374161073825504 0.10374161073825494
18 0.04625 0.413125 0.01995689655172414 0.02120689655172414
06 0.48375138888888886 0.8275 0.034997222222222235 0.01499444444444431
03 0.730625 0.16312500000000002 0.028738095238095118 0.016238095238095246
08 0.7025 0.385 0.02749297752808988 0.012492977528089866
06 0.5325 0.241875 0.059995098039215655 0.05124509803921573
03 0.73125 0.24562499999999998 0.03495689655172407 0.056206896551724145
03 0.1912446120689655 0.369375 0.02248922413793103 0.021228448275862066
01 0.71375 0.20875 0.03238636363636371 0.022386363636363676
07 0.33999999999999997 0.09812499999999999 0.08498579545454549 0.021235795454545472
03 0.7350076219512195 0.28937500000000005 0.019984756097561007 0.03371951219512198
