00 0.15500000000000003 0.658125 0.03998355263157896 0.026233552631578894
04 0.600625 0.48250000000000004 0.02624161073825504 0.03499161073825502
18 0.12625 0.13 0.019956896551724126 0.02245689655172413
03 0.234375 0.5918749999999999 0.028744444444444406 0.028744444444444572
08 0.614375 0.096875 0.021238095238095278 0.026238095238095227
05 0.506875 0.950625 0.01624297752808984 0.04124297752808992
04 0.889375 0.225 0.03374509803921566 0.027495098039215682
15 0.41875 0.095625 0.08495689655172411 0.06120689655172415
10 0.7437499999999999 0.863125 0.02747844827586221 0.021228448275862233
06 0.486875 0.514375 0.04113636363636364 0.07863636363636362
