11 0.920625 0.20500000000000002 0.043733552631578854 0.029983552631578952
14 0.576875 0.8087500000000001 0.04624161073825506 0.09249161073825485
15 0.404375 0.935614224137931 0.02120689655172414 0.026228448275862126
03 0.9299999999999999 0.429375 0.05249444444444429 0.053744444444444484
03 0.4 0.60625 0.08498809523809531 0.03498809523809532
20 0.826875 0.645625 0.026242977528089906 0.026242977528089906
01 0.71 0.31875 0.022495098039215677 0.019995098039215675
20 0.9393750000000001 0.036875000000000005 0.028706896551724204 0.02870689655172414
02 0.698125 0.27625 0.08372844827586223 0.06997844827586208
07 0.56125 0.078125 0.0323863636363636 0.09363636363636363
04 0.87125 0.5425 0.03998579545454528 0.029985795454545494
08 0.660625 0.5375 0.04621951219512199 0.022469512195121943
