03 0.9299958881578947 0.31937499999999996 0.01999177631578941 0.013733552631578938
01 0.45 0.6156250000000001 0.01999161073825506 0.021241610738255035
04 0.909375 0.6825 0.02120689655172414 0.022456896551724226
09 0.6868749999999999 0.918125 0.01874444444444434 0.0212444444444444
15 0.7949999999999999 0.393125 0.019988095238095194 0.021238095238095278
14 0.749375 0.70875 0.028742977528089853 0.02749297752808988
15 0.424375 0.91625 0.011245098039215695 0.01999509803921562
03 0.47562499999999996 0.6231249999999999 0.00870689655172413 0.01370689655172408
03 0.150625 0.02125 0.04372844827586206 0.03497844827586207
03 0.43125 0.74125 0.01988636363636359 0.03238636363636371
10 0.38625 0.6481250000000001 0.019985795454545485 0.016235795454545232
06 0.95625 0.3375 0.05246951219512197 0.027469512195122003
03 0.985625 0.365 0.01373214285714286 0.02498214285714284
