16 0.34750000000000003 0.718125 0.02998355263157887 0.026233552631578894
11 0.578125 0.17625000000000002 0.018741610738254977 0.022491610738255036
20 0.9681249999999999 0.07625 0.011206896551724133 0.012456896551724134
03 0.5675 0.5675 0.0374944444444445 0.022494444444444595
19 0.508125 0.29875 0.01123809523809527 0.02248809523809525
04 0.814375 0.21625 0.018742977528089844 0.014992977528089868
20 0.15125 0.676875 0.019995098039215675 0.0162450980392157
03 0.755010775862069 0.48625 0.019978448275862037 0.01745689655172411
18 0.11937500000000001 0.488125 0.016228448275862076 0.018728448275862064
15 0.77625 0.874375 0.007386363636363802 0.023636363636363678
11 0.691875 0.15125 0.01873579545454529 0.02248579545454546
20 0.111875 0.971875 0.023719512195121945 0.016219512195121966
