03 0.6556249999999999 0.645 0.02123355263157889 0.08248355263157892
03 0.2475 0.08812500000000001 0.02749161073825504 0.031241610738255043
18 0.208125 0.971875 0.02870689655172412 0.03120689655172415
18 0.27125 0.8200000000000001 0.027494444444444432 0.029994444444444324
03 0.7475 0.49187499999999995 0.04248809523809516 0.08123809523809528
09 0.8075 0.71375 0.08249297752808982 0.07499297752808975
13 0.25125 0.63625 0.09999509803921566 0.10749509803921575
15 0.06 0.765 0.07745689655172414 0.15245689655172412
12 0.5825 0.6793750000000001 0.049978448275862064 0.05872844827586221
20 0.15375 0.785625 0.03238636363636363 0.023636363636363678
07 0.973125 0.503125 0.021235795454545348 0.04873579545454543
