03 0.23125 0.84375 0.047483552631578996 0.029983552631578814
03 0.8149979026845637 0.09625 0.02499580536912749 0.02749161073825504
09 0.18375 0.16749999999999998 0.019956896551724113 0.027456896551724147
08 0.65875 0.268125 0.0524944444444444 0.016244444444444395
01 0.778125 0.7925 0.011238095238095158 0.012488095238095132
03 0.226875 0.8556250000000001 0.011242977528089865 0.026242977528089795
03 0.36312500000000003 0.82875 0.033745098039215715 0.03749509803921569
08 0.601239224137931 0.646875 0.05247844827586212 0.026206896551724146
15 0.628125 0.7075 0.021228448275862122 0.024978448275862153
05 0.65 0.883125 0.04488636363636367 0.02113636363636373
