20 0.30375 0.30125 0.01748355263157897 0.01748355263157897
09 0.244375 0.92375 0.031241610738255043 0.022491610738254897
08 0.24875 0.079375 0.019956896551724113 0.02370689655172413
08 0.12312500000000001 0.609375 0.013744444444444462 0.053744444444444595
03 0.498125 0.815625 0.03873809523809524 0.021238095238095167
06 0.7618767556179775 0.428125 0.08374648876404489 0.03374297752808986
20 0.76 0.5725 0.027495098039215682 0.024995098039215735
06 0.353125 0.6875 0.048706896551724166 0.10745689655172419
06 0.459375 0.7493749999999999 0.028728448275862073 0.028728448275862184
03 0.39625 0.9293750000000001 0.05238636363636362 0.026136363636363735
