03 0.333125 0.205 0.016233552631578885 0.01998355263157897
14 0.965625 0.10375 0.028741610738254875 0.03749161073825505
08 0.776260775862069 0.715 0.05247844827586201 0.01745689655172411
02 0.8887499999999999 0.13624999999999998 0.06749444444444441 0.03499444444444447
18 0.9681249999999999 0.351875 0.023738095238095114 0.026238095238095283
13 0.944375 0.459375 0.10374297752808992 0.04624297752808987
05 0.20687499999999998 0.289375 0.043745098039215696 0.02374509803921565
04 0.7075 0.41812499999999997 0.032456896551724124 0.023706896551724144
06 0.899375 0.75875 0.021228448275862233 0.03747844827586222
20 0.7506250000000001 0.206875 0.026136363636363735 0.02613636363636368
03 0.8825000000000001 0.94875 0.0499857954545454 0.029985795454545272
12 0.295625 0.47750000000000004 0.04121951219512193 0.03996951219512196
08 0.7306250000000001 0.9143749999999999 0.04123214285714283 0.023732142857142757
04 0.795625 0.57125 0.03123750000000003 0.022487499999999994
