12 0.604375 0.5956250000000001 0.04873355263157886 0.043733552631578854
03 0.828125 0.375625 0.016241610738254808 0.056241610738255066
02 0.179375 0.235625 0.02120689655172414 0.04620689655172411
00 0.391875 0.43 0.04624444444444448 0.0374944444444445
12 0.065 0.284375 0.03748809523809524 0.0462380952380953
20 0.640625 0.22375 0.036242977528089915 0.03499297752808986
03 0.8325 0.949375 0.049995098039215646 0.02624509803921571
04 0.8318749999999999 0.295 0.04120689655172416 0.02745689655172412
07 0.169375 0.8243750000000001 0.02372844827586207 0.07122844827586217
06 0.176875 0.0975 0.018636363636363673 0.029886363636363628
18 0.19 0.946875 0.02498579545454549 0.0287357954545453
11 0.153125 0.27875 0.03621951219512198 0.024969512195122
