08 0.5562499999999999 0.06875 0.029983552631578925 0.04248355263157895
10 0.7575 0.200625 0.022491610738254897 0.021241610738255035
06 0.59 0.9937499999999999 0.01745689655172411 0.012456896551724106
05 0.953125 0.5225 0.013744444444444337 0.029994444444444546
03 0.973125 0.71 0.021238095238095056 0.024988095238095087
04 0.35250000000000004 0.959375 0.02999297752808988 0.026242977528089906
03 0.7475 0.47562499999999996 0.007495098039215775 0.03624509803921566
03 0.370625 0.645 0.013706896551724135 0.00995689655172416
03 0.440625 0.82375 0.03372844827586208 0.01997844827586226
08 0.02375 0.6325000000000001 0.014886363636363635 0.03238636363636371
09 0.565625 0.326875 0.02123579545454546 0.02623579545454552
03 0.498125 0.3075 0.018719512195121912 0.024969512195122
10 0.07 0.85875 0.01748214285714285 0.014982142857142833
