20 0.545 0.274375 0.03498355263157893 0.03873355263157896
06 0.059375 0.858125 0.028741610738255034 0.018741610738254866
11 0.64875 0.841875 0.03745689655172413 0.0387068965517241
18 0.530625 0.7393749999999999 0.026244444444444515 0.02874444444444435
07 0.224375 0.34187500000000004 0.08873809523809525 0.056238095238095254
13 0.43062500000000004 0.6837500000000001 0.05124297752808987 0.0674929775280898
06 0.86625 0.336875 0.022495098039215677 0.11624509803921568
10 0.086875 0.08625 0.01870689655172414 0.01995689655172414
13 0.891875 0.30625 0.03872844827586219 0.039978448275862055
06 0.2775 0.11812500000000001 0.08238636363636367 0.021136363636363634
14 0.311875 0.184375 0.031235795454545467 0.05373579545454546
06 0.5787576219512195 0.23062500000000002 0.019984756097561007 0.078719512195122
15 0.46625 0.66625 0.047482142857142806 0.01748214285714278
06 0.6725 0.089375 0.06248750000000003 0.08373749999999999
