08 0.6306208881578947 0.13875 0.031241776315789505 0.047483552631578954
10 0.828125 0.5018750000000001 0.031241610738254932 0.028741610738255097
15 0.8725 0.694375 0.012456896551724106 0.026206896551724146
08 0.536875 0.536875 0.03874444444444447 0.026244444444444515
18 0.28875 0.9475 0.0149880952380953 0.017488095238095136
03 0.339375 0.499375 0.043742977528089866 0.023742977528089793
03 0.790625 0.9143749999999999 0.02624509803921571 0.04374509803921567
00 0.094375 0.41500000000000004 0.01870689655172414 0.019956896551724113
01 0.46375 0.0775 0.01747844827586209 0.01497844827586206
07 0.686221590909091 0.52125 0.07994318181818183 0.03488636363636366
13 0.079375 0.69875 0.05873579545454546 0.04748579545454534
