14 0.31499999999999995 0.59375 0.01248355263157891 0.012483552631578965
03 0.5331250000000001 0.575625 0.018741610738255088 0.013741610738254972
20 0.079375 0.231875 0.013706896551724135 0.013706896551724135
05 0.90375 0.15125 0.019994444444444315 0.012494444444444475
04 0.146875 0.62625 0.021238095238095223 0.0149880952380953
01 0.470625 0.218125 0.008742977528089835 0.008742977528089863
07 0.604375 0.54375 0.006245098039215691 0.022495098039215677
04 0.76875 0.689375 0.01745689655172411 0.016206896551724137
00 0.471875 0.015625 0.01372844827586206 0.013728448275862072
18 0.845625 0.8143750000000001 0.011136363636363722 0.01363636363636378
18 0.03874999999999999 0.16 0.012485795454545458 0.01498579545454548
