05 0.4675 0.27 0.03748355263157893 0.03248355263157898
03 0.770625 0.900625 0.021241610738254924 0.05124161073825495
05 0.801875 0.06625 0.03120689655172404 0.03745689655172414
03 0.334375 0.138125 0.04124444444444447 0.033744444444444466
04 0.6125 0.4625 0.04248809523809527 0.04248809523809527
08 0.57375 0.5625 0.0474929775280899 0.06499297752808975
06 0.761875 0.8006249999999999 0.04874509803921567 0.06374509803921569
06 0.76 0.655 0.02745689655172412 0.024956896551724173
03 0.2175 0.295 0.04497844827586206 0.012478448275862086
03 0.788125 0.775 0.03863636363636369 0.039886363636363775
