06 0.33062499999999995 0.87125 0.07873355263157894 0.014983552631578911
14 0.6725000000000001 0.225625 0.0274916107382549 0.03624161073825505
08 0.83375 0.64625 0.019956896551724057 0.02745689655172412
03 0.429375 0.6775 0.04624444444444453 0.0524944444444444
20 0.32375 0.6568750000000001 0.02248809523809525 0.023738095238095114
18 0.15000000000000002 0.0225 0.017492977528089898 0.019992977528089886
10 0.47750000000000004 0.435 0.02499509803921568 0.01999509803921573
05 0.9425 0.745 0.039956896551724075 0.024956896551724173
03 0.895625 0.0875 0.05122844827586226 0.034978448275862065
20 0.6325000000000001 0.46562499999999996 0.009886363636363638 0.008636363636363609
00 0.7725 0.24 0.034985795454545277 0.037485795454545445
08 0.231875 0.48812500000000003 0.011219512195121961 0.023719512195121972
06 0.69125 0.31437499999999996 0.1099821428571428 0.011232142857142857
06 0.205625 0.6975 0.023737500000000022 0.022487499999999994
