03 0.96 0.208125 0.027483552631578867 0.021233552631578972
08 0.185 0.053750000000000006 0.06749161073825505 0.044991610738255035
13 0.46499999999999997 0.096875 0.02245689655172417 0.011206896551724133
15 0.776875 0.555625 0.043744444444444364 0.02874444444444446
18 0.59875 0.82625 0.01498809523809519 0.017488095238095136
02 0.183125 0.701875 0.023742977528089848 0.03374297752808986
03 0.36250000000000004 0.6975 0.02499509803921568 0.014995098039215726
03 0.919375 0.7024999999999999 0.023706896551724088 0.022456896551724115
12 0.453125 0.29 0.02122844827586201 0.039978448275862055
07 0.0875 0.9493750000000001 0.032386363636363644 0.01363636363636378
10 0.595 0.0375 0.01498579545454548 0.014985795454545453
20 0.46187500000000004 0.91875 0.013719512195121963 0.009969512195121988
13 0.19937500000000002 0.246875 0.016232142857142834 0.07623214285714286
09 0.73125 0.30374999999999996 0.019987499999999936 0.0299875
