18 0.390625 0.7168749999999999 0.018733552631578942 0.02123355263157889
15 0.365625 0.8 0.023741610738255037 0.01999161073825484
06 0.374375 0.12937500000000002 0.05620689655172412 0.03620689655172413
20 0.8743749999999999 0.135625 0.01874444444444434 0.01624444444444445
03 0.598125 0.9625 0.013738095238095216 0.027488095238095145
18 0.130625 0.7637499999999999 0.016242977528089883 0.019992977528089928
18 0.863125 0.55875 0.0162450980392157 0.017495098039215673
03 0.9056249999999999 0.024375 0.02120689655172414 0.01870689655172414
02 0.208125 0.9156249999999999 0.031228448275862075 0.01622844827586223
01 0.155 0.610625 0.009886363636363638 0.011136363636363611
12 0.84875 0.349375 0.027485795454545325 0.04373579545454548
03 0.3275 0.039999999999999994 0.019969512195121997 0.009969512195121953
14 0.755625 0.28625 0.01373214285714286 0.02248214285714284
19 0.67 0.22 0.022487499999999994 0.027487499999999998
