20 0.21625 0.5225 0.01748355263157897 0.019983552631578916
00 0.640625 0.8043750000000001 0.02374161073825498 0.02374161073825498
06 0.70375 0.5856250000000001 0.0549568965517242 0.018706896551724195
11 0.9606250000000001 0.11875000000000001 0.031244444444444297 0.032494444444444465
20 0.2525 0.72375 0.027488095238095256 0.019988095238095083
20 0.39437500000000003 0.29625 0.021242977528089846 0.01749297752808987
07 0.95 0.405625 0.03499509803921563 0.03624509803921572
06 0.13 0.750625 0.02495689655172413 0.0862068965517242
03 0.6537553879310345 0.049375 0.03748922413793099 0.018728448275862064
06 0.073125 0.6400000000000001 0.021136363636363634 0.08988636363636371
06 0.6100000000000001 0.7337499999999999 0.05748579545454546 0.0649857954545453
00 0.275 0.9325 0.024969512195121946 0.022469512195121943
02 0.2875 0.7549999999999999 0.034982142857142795 0.019982142857142837
12 0.5856250000000001 0.575625 0.04123749999999993 0.04123749999999993
