20 0.268125 0.02 0.016233552631578996 0.014983552631578946
06 0.32125000000000004 0.474375 0.00749161073825505 0.05374161073825506
13 0.326885775862069 0.611875 0.021228448275862066 0.026206896551724035
20 0.676875 0.8162499999999999 0.018744444444444452 0.019994444444444315
16 0.384375 0.5293749999999999 0.018738095238095276 0.03623809523809529
04 0.499375 0.9768749999999999 0.016242977528089897 0.016242977528089786
11 0.174375 0.37187499999999996 0.023745098039215706 0.013745098039215697
04 0.37124999999999997 0.7181249999999999 0.024956896551724117 0.02120689655172414
03 0.880625 0.426875 0.046228448275862144 0.02622844827586207
08 0.961875 0.203125 0.026136363636363735 0.04113636363636369
15 0.11812500000000001 0.06125 0.016235795454545468 0.024985795454545455
