04 0.9225 0.5956250000000001 0.02498355263157892 0.02123355263157889
03 0.36687499999999995 0.235625 0.023741610738255037 0.02874161073825504
03 0.22375 0.365 0.02745689655172412 0.02745689655172412
06 0.21875 0.5925 0.022494444444444428 0.08749444444444454
14 0.510625 0.28875 0.041238095238095296 0.04248809523809527
15 0.32125000000000004 0.794375 0.019992977528089872 0.03124297752808991
01 0.1325 0.5587500000000001 0.01999509803921569 0.012495098039215669
15 0.90625 0.37625 0.04495689655172419 0.02995689655172412
14 0.06875 0.38625 0.034978448275862065 0.03497844827586205
08 0.43875 0.611875 0.03738636363636355 0.018636363636363673
