05 0.24 0.12875 0.05498355263157895 0.03498355263157894
03 0.9775 0.301875 0.024991610738254955 0.07124161073825508
07 0.575625 0.7675 0.07120689655172419 0.11995689655172415
03 0.550625 0.26125 0.0687444444444445 0.03749444444444444
00 0.606875 0.023125 0.041238095238095185 0.028738095238095233
03 0.656875 0.165625 0.026242977528089906 0.05874297752808988
00 0.7418750000000001 0.711875 0.046245098039215615 0.046245098039215726
14 0.458125 0.6443749999999999 0.0937068965517241 0.0337068965517241
08 0.241875 0.770625 0.041228448275862056 0.0437284482758622
20 0.46187500000000004 0.6012500000000001 0.03613636363636358 0.02488636363636354
