15 0.199375 0.74125 0.06623355263157898 0.054983552631578836
17 0.4225 0.78625 0.042491610738255026 0.05499161073825487
10 0.874375 0.181875 0.046206896551724164 0.04120689655172413
03 0.53625 0.375625 0.05499444444444457 0.0687444444444445
09 0.776875 0.66 0.04373809523809513 0.037488095238095154
03 0.323125 0.100625 0.05874297752808988 0.03624297752808989
02 0.9175 0.2625 0.06999509803921566 0.039995098039215665
03 0.868125 0.206875 0.028706896551724093 0.05620689655172412
03 0.833125 0.39 0.021228448275862233 0.03497844827586205
03 0.75625 0.393125 0.07238636363636375 0.051136363636363646
12 0.08812500000000001 0.3575 0.05123579545454546 0.08248579545454549
18 0.595 0.4225 0.027469512195121948 0.029969512195122006
00 0.211875 0.445 0.048732142857142835 0.039982142857142855
