15 0.11124999999999999 0.726875 0.05248355263157893 0.026233552631578894
07 0.08375 0.194375 0.024991610738255038 0.02624161073825504
02 0.178125 0.198125 0.023706896551724144 0.046206896551724136
14 0.575625 0.903125 0.026244444444444404 0.06374444444444427
18 0.853125 0.544375 0.01873809523809511 0.021238095238095167
09 0.661875 0.88625 0.043742977528089866 0.06499297752808986
18 0.796875 0.953125 0.021245098039215593 0.023745098039215762
03 0.921875 0.9237500000000001 0.03120689655172404 0.032456896551724124
04 0.396875 0.888125 0.03622844827586208 0.02372844827586229
01 0.6231249999999999 0.32125 0.023636363636363567 0.01738636363636359
15 0.9724999999999999 0.8362499999999999 0.019985795454545374 0.04248579545454534
03 0.07125000000000001 0.4975 0.019969512195121948 0.03496951219512201
