06 0.21375 0.015625 0.01998355263157897 0.013733552631578947
08 0.25187499999999996 0.5068729026845638 0.03874161073825505 0.023745805369127515
13 0.13625 0.838125 0.039956896551724144 0.061206896551724066
08 0.29000000000000004 0.5543750000000001 0.027494444444444432 0.04624444444444442
03 0.27312499999999995 0.586875 0.013738095238095271 0.01873809523809522
20 0.51 0.9824999999999999 0.02249297752808982 0.019992977528089928
00 0.266875 0.9875 0.026245098039215653 0.01999509803921573
15 0.4375 0.5025 0.019956896551724168 0.032456896551724124
06 0.11624999999999999 0.385625 0.012478448275862072 0.02372844827586207
03 0.535625 0.7381249999999999 0.013636363636363669 0.02363636363636379
