15 0.60625 0.7418750000000001 0.05998355263157895 0.08623355263157884
14 0.8731249999999999 0.641875 0.11124161073825489 0.07124161073825497
14 0.101875 0.63375 0.06620689655172413 0.10245689655172419
19 0.71375 0.16125 0.0674944444444443 0.08749444444444444
04 0.91125 0.380625 0.07998809523809514 0.06123809523809526
08 0.774375 0.288125 0.06374297752808988 0.043742977528089866
03 0.62875 0.843125 0.049995098039215646 0.11374509803921562
13 0.766875 0.4725 0.1487068965517241 0.0649568965517241
08 0.489375 0.596875 0.0587284482758621 0.16122844827586214
02 0.8899999999999999 0.583125 0.057386363636363735 0.08363636363636351
03 0.253125 0.359375 0.08123579545454548 0.031235795454545467
08 0.71875 0.37875000000000003 0.11746951219512192 0.03996951219512196
06 0.3125 0.834375 0.2549821428571428 0.09873214285714282
