03 0.6825 0.7206250000000001 0.014983552631578911 0.013733552631578827
05 0.359375 0.374375 0.01624161073825503 0.031241610738255043
13 0.53625 0.78875 0.06245689655172404 0.03745689655172413
18 0.7025 0.041249999999999995 0.01499444444444431 0.017494444444444444
04 0.26125 0.026250000000000002 0.02498809523809528 0.01998809523809524
03 0.955 0.49375 0.029992977528089826 0.02749297752808988
04 0.055 0.9375 0.017495098039215687 0.024995098039215735
04 0.53 0.041875 0.022456896551724115 0.02120689655172414
09 0.24312499999999998 0.874375 0.038728448275862054 0.036228448275862135
10 0.2475 0.06562499999999999 0.019886363636363646 0.01613636363636363
15 0.766875 0.879375 0.0337357954545453 0.023735795454545294
02 0.6725 0.953125 0.04246951219512196 0.02121951219512197
06 0.8118749999999999 0.6837500000000001 0.07123214285714285 0.01748214285714289
