07 0.49374999999999997 0.20500000000000002 0.022483552631578863 0.10498355263157899
03 0.8218749999999999 0.7462500000000001 0.0587416107382549 0.034991610738254963
14 0.6675 0.5175 0.014956896551724164 0.03745689655172407
06 0.27250138888888886 0.79625 0.03249722222222223 0.07249444444444442
04 0.52625 0.021875 0.03248809523809526 0.02873809523809524
01 0.85625 0.7112499999999999 0.029992977528089937 0.022492977528089875
12 0.8518749999999999 0.06 0.06374509803921569 0.07749509803921568
15 0.753125 0.58125 0.026206896551724146 0.049956896551724195
14 0.8375 0.590625 0.024978448275862153 0.05122844827586215
03 0.366875 0.284375 0.04113636363636364 0.03863636363636369
03 0.026875 0.250625 0.041235795454545456 0.026235795454545463
10 0.55 0.53625 0.03246951219512206 0.022469512195121943
03 0.7268749999999999 0.860625 0.06623214285714274 0.03123214285714282
05 0.339375 0.23500000000000001 0.018737500000000018 0.044987500000000014
