03 0.7481249999999999 0.186875 0.08373355263157889 0.146233552631579
03 0.244375 0.14625 0.04624161073825506 0.03499161073825505
11 0.9768749999999999 0.400625 0.03120689655172415 0.03120689655172415
10 0.20875 0.328125 0.022494444444444428 0.018744444444444452
06 0.17125 0.326875 0.02248809523809528 0.021238095238095223
03 0.31125 0.80375 0.034992977528089886 0.02499297752808982
03 0.250625 0.284375 0.02874509803921571 0.05374509803921568
09 0.22749999999999998 0.661875 0.012456896551724134 0.04870689655172411
03 0.8431249999999999 0.434375 0.05872844827586221 0.04622844827586203
12 0.706875 0.19 0.05113636363636376 0.07488636363636364
18 0.254375 0.676875 0.021235795454545486 0.023735795454545405
13 0.7731250000000001 0.455625 0.10621951219512205 0.03621951219512198
