20 0.31125 0.5349999999999999 0.01248355263157902 0.012483552631578854
15 0.103125 0.831875 0.026241610738255053 0.031241610738254932
08 0.09623922413793104 0.8756250000000001 0.027478448275862058 0.02120689655172414
03 0.026874999999999996 0.28875 0.02874444444444444 0.019994444444444426
11 0.8843749999999999 0.14250000000000002 0.021238095238095167 0.01998809523809522
02 0.57125 0.430625 0.012492977528089866 0.018742977528089844
20 0.08124999999999999 0.74125 0.02249509803921569 0.01999509803921573
08 0.7975 0.19374999999999998 0.01745689655172411 0.012456896551724134
10 0.9693750000000001 0.1225 0.01622844827586223 0.017478448275862077
04 0.204375 0.885 0.018636363636363673 0.014886363636363753
03 0.38125 0.83375 0.03998579545454545 0.02498579545454538
06 0.88 0.795 0.009969512195121988 0.019969512195121997
