03 0.94625 0.72375 0.037483552631578876 0.03248355263157898
06 0.44375 0.44625 0.03499161073825502 0.01999161073825506
20 0.024375 0.23625000000000002 0.02120689655172414 0.01995689655172414
03 0.253125 0.855 0.051244444444444426 0.022494444444444373
13 0.538125 0.10625000000000001 0.0462380952380953 0.05498809523809524
12 0.593125 0.491875 0.05624297752808993 0.04124297752808992
18 0.070625 0.45499999999999996 0.023745098039215692 0.02499509803921568
10 0.53375 0.749375 0.02495689655172406 0.028706896551724093
06 0.9125 0.936875 0.012478448275862197 0.12622844827586222
06 0.4612784090909091 0.31937499999999996 0.03744318181818179 0.07363636363636367
19 0.528125 0.766875 0.023735795454545516 0.041235795454545365
06 0.1925 0.7831250000000001 0.04496951219512196 0.08121951219512191
06 0.14 0.7150000000000001 0.02748214285714287 0.009982142857142828
03 0.5862499999999999 0.06875 0.02498750000000005 0.027487499999999998
