01 0.19374999999999998 0.7175 0.042483552631578964 0.027483552631578867
15 0.49624999999999997 0.8899999999999999 0.02499161073825501 0.03749161073825491
11 0.235 0.6725 0.032456896551724124 0.02745689655172412
03 0.86 0.3775 0.029994444444444435 0.027494444444444488
03 0.148125 0.3725 0.058738095238095256 0.04998809523809522
11 0.36875 0.0975 0.02999297752808988 0.03749297752808989
02 0.5349999999999999 0.869375 0.03999509803921575 0.02624509803921571
15 0.1875 0.91625 0.032456896551724124 0.04495689655172419
06 0.27125 0.144375 0.07497844827586206 0.08122844827586206
06 0.850625 0.20124999999999998 0.12113636363636371 0.07738636363636367
17 0.524375 0.179375 0.04623579545454548 0.041235795454545476
03 0.2975 0.5925 0.03996951219512196 0.01746951219512194
08 0.438125 0.250625 0.02123214285714281 0.013732142857142832
20 0.058124999999999996 0.803125 0.023737499999999988 0.023737499999999967
