14 0.23375 0.8674999999999999 0.03998355263157896 0.03498355263157882
20 0.334375 0.640625 0.016241610738255086 0.01624161073825492
04 0.5956250000000001 0.3075 0.03120689655172415 0.02745689655172412
09 0.31125 0.115 0.022494444444444484 0.044994444444444476
01 0.376875 0.23249999999999998 0.03623809523809529 0.029988095238095286
03 0.699375 0.037500000000000006 0.10124297752808986 0.04249297752808989
02 0.409375 0.5743750000000001 0.03374509803921566 0.031245098039215713
03 0.138135775862069 0.6368750000000001 0.04872844827586206 0.043706896551724106
01 0.128125 0.729375 0.016228448275862048 0.01372844827586217
03 0.38 0.7906249999999999 0.04488636363636356 0.026136363636363735
12 0.23249999999999998 0.615 0.03498579545454547 0.05248579545454557
03 0.013750000000000002 0.08875 0.022469512195121954 0.05246951219512194
08 0.441875 0.539375 0.04123214285714283 0.036232142857142824
11 0.858125 0.536875 0.02873749999999997 0.02123750000000002
