11 0.5525 0.839375 0.04248355263157899 0.031233552631578898
10 0.9256249999999999 0.5293749999999999 0.028741610738254875 0.02374161073825498
12 0.36625 0.58375 0.04745689655172414 0.032456896551724124
04 0.881875 0.961875 0.031244444444444297 0.02874444444444435
14 0.5018750000000001 0.735 0.033738095238095345 0.062488095238095065
06 0.486875 0.02875 0.03374297752808986 0.01749297752808989
20 0.930625 0.440625 0.028745098039215655 0.02624509803921571
00 0.16312500000000002 0.313125 0.021206896551724114 0.02120689655172414
00 0.511875 0.665625 0.028728448275862017 0.021228448275862233
03 0.6400000000000001 0.250625 0.02738636363636371 0.053636363636363676
