03 0.205625 0.8556250000000001 0.04873355263157897 0.07373355263157888
14 0.59375 0.170625 0.02249161073825512 0.03624161073825505
08 0.435 0.53375 0.06745689655172415 0.019956896551724168
04 0.08499999999999999 0.251875 0.03499444444444445 0.03624444444444444
13 0.39437500000000003 0.626875 0.09623809523809529 0.06373809523809526
01 0.409375 0.77125 0.028742977528089853 0.019992977528089817
06 0.5156262254901961 0.7793749999999999 0.0312475490196078 0.11624509803921568
06 0.255625 0.800614224137931 0.12870689655172415 0.03372844827586208
09 0.10250000000000001 0.613125 0.05747844827586207 0.028728448275862073
03 0.839375 0.8518749999999999 0.04613636363636375 0.026136363636363735
18 0.921875 0.469375 0.0287357954545453 0.031235795454545467
11 0.38 0.5387500000000001 0.039969512195122014 0.03496951219512201
