01 0.05625 0.98375 0.017483552631578955 0.017483552631578858
15 0.61625 0.4375 0.11499161073825492 0.08499161073825501
03 0.96 0.619375 0.049956896551724195 0.04370689655172422
03 0.2675 0.22312500000000002 0.019994444444444426 0.028744444444444434
00 0.64375 0.45125 0.03248809523809515 0.02248809523809525
03 0.9025 0.889375 0.17499297752808984 0.07624297752808984
03 0.229375 0.12875 0.031245098039215685 0.032495098039215686
20 0.49375 0.78375 0.014956896551724164 0.01745689655172422
08 0.351875 0.22125 0.043728448275862086 0.019978448275862065
03 0.28375 0.804375 0.02738636363636371 0.03113636363636374
14 0.32625 0.784375 0.04248579545454545 0.041235795454545365
