03 0.770625 0.791875 0.05623355263157892 0.04873355263157886
14 0.24125000000000002 0.691875 0.06249161073825507 0.14874161073825498
12 0.755 0.2625 0.08495689655172423 0.10495689655172413
04 0.1925 0.6287499999999999 0.06749444444444444 0.05999444444444435
18 0.625 0.420625 0.04248809523809516 0.0437380952380953
03 0.31375 0.16875 0.05749297752808985 0.11999297752808988
05 0.46187500000000004 0.54125 0.07124509803921569 0.042495098039215695
14 0.5875 0.58375 0.10745689655172419 0.10245689655172407
17 0.67875 0.29875 0.07247844827586214 0.06997844827586208
00 0.50375 0.794375 0.06988636363636364 0.04613636363636375
03 0.195625 0.9375 0.09123579545454547 0.03998579545454528
03 0.73125 0.5331250000000001 0.07246951219512199 0.09871951219512198
