04 0.680625 0.56125 0.04623355263157891 0.047483552631578885
18 0.615 0.88 0.03249161073825513 0.03499161073825485
03 0.825 0.468125 0.04495689655172408 0.023706896551724144
14 0.20500000000000002 0.0925 0.062494444444444436 0.052494444444444455
03 0.700625 0.106875 0.051238095238095194 0.03873809523809524
02 0.47625 0.794375 0.07499297752808987 0.04874297752808976
04 0.793125 0.26937500000000003 0.046245098039215726 0.051245098039215675
03 0.685 0.41812499999999997 0.0749568965517241 0.04370689655172416
03 0.6375000000000001 0.805625 0.04747844827586212 0.03372844827586219
04 0.108125 0.1975 0.03363636363636363 0.039886363636363664
00 0.414375 0.1825 0.05373579545454543 0.03248579545454547
