04 0.85375 0.5331250000000001 0.027483552631578867 0.018733552631578942
03 0.11875 0.95 0.017491610738255045 0.049991610738254866
18 0.37 0.395625 0.01745689655172411 0.02120689655172414
11 0.301875 0.463125 0.026244444444444404 0.02124444444444451
12 0.0325 0.5 0.04498809523809524 0.04748809523809522
15 0.8674999999999999 0.84625 0.012492977528089866 0.02499297752808982
20 0.12 0.238125 0.017495098039215673 0.013745098039215697
16 0.231875 0.559375 0.026206896551724146 0.0337068965517241
03 0.611875 0.194375 0.04122844827586214 0.02372844827586207
00 0.2825 0.178125 0.02238636363636365 0.01613636363636367
00 0.106875 0.501875 0.028735795454545465 0.031235795454545412
20 0.53625 0.586875 0.019969512195121997 0.018719512195121912
20 0.58125 0.14375 0.02498214285714284 0.02498214285714287
06 0.685 0.5175000000000001 0.027487499999999998 0.06748750000000003
