13 0.7537499999999999 0.84375 0.15748355263157887 0.057483552631578894
06 0.6174979026845637 0.250625 0.062495805369127355 0.13124161073825502
20 0.393125 0.5625 0.018706896551724084 0.014956896551724164
03 0.17062499999999997 0.28437500000000004 0.031244444444444436 0.07624444444444448
06 0.518125 0.26625 0.07373809523809521 0.08248809523809528
01 0.8175 0.14500000000000002 0.019992977528089817 0.017492977528089898
04 0.053750000000000006 0.7125 0.03499509803921569 0.027495098039215682
12 0.536875 0.18875 0.04370689655172422 0.09995689655172413
06 0.6181196120689655 0.9299999999999999 0.02373922413793106 0.03747844827586222
15 0.057499999999999996 0.34375 0.047386363636363636 0.04488636363636356
14 0.911875 0.35375 0.03623579545454536 0.0349857954545455
