18 0.173125 0.468125 0.02873355263157895 0.031233552631578898
15 0.231875 0.90875 0.031241610738255043 0.029991610738254848
20 0.67375 0.41125 0.02745689655172412 0.019956896551724168
15 0.260625 0.8106249999999999 0.04124444444444442 0.02874444444444435
03 0.50125 0.43 0.03998809523809527 0.0149880952380953
01 0.648125 0.45375 0.018742977528089844 0.014992977528089868
20 0.11374999999999999 0.56375 0.02249509803921569 0.022495098039215677
07 0.33562499999999995 0.6275 0.06120689655172412 0.047456896551724026
14 0.858125 0.9762500000000001 0.021228448275862233 0.04747844827586223
15 0.15875 0.36124999999999996 0.06488636363636366 0.024886363636363595
03 0.7075 0.713125 0.017485795454545316 0.03623579545454536
