08 0.579375 0.3375 0.016233552631578885 0.052483552631578945
06 0.778125 0.8224979026845638 0.04124161073825483 0.019995805369127484
03 0.39125 0.024375 0.03745689655172413 0.016206896551724137
14 0.551875 0.66875 0.043744444444444586 0.03999444444444433
03 0.829375 0.47875 0.09873809523809518 0.04748809523809522
16 0.27625 0.19625 0.03499297752808983 0.05499297752808985
02 0.60375 0.6793750000000001 0.07249509803921561 0.04374509803921567
14 0.19875 0.8831249999999999 0.032456896551724124 0.03870689655172421
12 0.745 0.481875 0.02997844827586227 0.03122844827586202
13 0.618125 0.42625 0.04613636363636364 0.0973863636363636
03 0.61625 0.40625 0.019985795454545485 0.022485795454545432
