03 0.92875 0.61625 0.09998355263157888 0.05248355263157889
08 0.8768750000000001 0.5349999999999999 0.03624161073825494 0.042491610738255026
19 0.454375 0.70875 0.08120689655172414 0.03745689655172413
03 0.724375 0.278125 0.04874444444444437 0.17374444444444445
01 0.893125 0.174375 0.02873809523809523 0.028738095238095285
14 0.359375 0.94125 0.04874297752808987 0.09999297752808989
03 0.036250000000000004 0.658125 0.03499509803921569 0.03624509803921572
18 0.115625 0.476875 0.038706896551724115 0.04120689655172416
10 0.920625 0.6425000000000001 0.07122844827586217 0.057478448275862126
04 0.4175 0.50125 0.059886363636363626 0.03738636363636355
20 0.60375 0.6525000000000001 0.03248579545454544 0.024985795454545268
20 0.8812500000000001 0.578125 0.04496951219512202 0.028719512195122032
