10 0.1675 0.6625000000000001 0.02998355263157898 0.03248355263157887
11 0.571875 0.7068749999999999 0.03624161073825505 0.038741610738254884
03 0.369375 0.916875 0.07620689655172413 0.04870689655172411
06 0.641875 0.094375 0.12874444444444444 0.10624444444444445
00 0.859375 0.8612500000000001 0.031238095238095065 0.02248809523809514
09 0.7124999999999999 0.6475 0.03499297752808983 0.03749297752808989
09 0.04625 0.89125 0.02999509803921569 0.03999509803921564
03 0.61625 0.64375 0.03745689655172413 0.04495689655172408
03 0.7418750000000001 0.07625 0.02372844827586229 0.03247844827586207
18 0.027499999999999997 0.89375 0.027386363636363636 0.029886363636363655
03 0.8275 0.266875 0.02498579545454538 0.04373579545454548
13 0.25625 0.063125 0.09746951219512198 0.11621951219512194
