06 0.501875 0.385625 0.06373355263157893 0.013733552631578938
04 0.55 0.08625 0.017491610738255114 0.014991610738255043
08 0.71875 0.739375 0.014956896551724164 0.018706896551724084
03 0.68625 0.274375 0.022494444444444373 0.0512444444444444
04 0.909375 0.83125 0.01873809523809511 0.019988095238095194
05 0.478125 0.331875 0.013742977528089895 0.023742977528089848
13 0.5862499999999999 0.25125 0.04499509803921564 0.05749509803921568
12 0.7 0.753125 0.01745689655172411 0.02120689655172414
04 0.41500000000000004 0.8518749999999999 0.017478448275862035 0.01622844827586223
03 0.43625 0.61375 0.042386363636363555 0.019886363636363535
18 0.85375 0.33187500000000003 0.01498579545454537 0.018735795454545456
12 0.410625 0.501875 0.02121951219512197 0.028719512195121977
06 0.974375 0.24375000000000002 0.026232142857142815 0.01498214285714286
