14 0.786875 0.871875 0.013733552631578938 0.0362335526315789
19 0.263125 0.745625 0.02874161073825507 0.018741610738254977
07 0.5506249999999999 0.164375 0.023706896551724088 0.023706896551724116
14 0.81 0.083125 0.02499444444444443 0.018744444444444452
01 0.29625 0.453125 0.012488095238095243 0.008738095238095323
03 0.67875 0.178125 0.02749297752808988 0.01624297752808984
00 0.576875 0.384375 0.018745098039215646 0.02124509803921565
18 0.18562499999999998 0.989375 0.013706896551724107 0.016206896551724137
09 0.235625 0.475625 0.016228448275862062 0.02372844827586207
20 0.930625 0.06812499999999999 0.018636363636363673 0.013636363636363627
13 0.81 0.25125 0.06748579545454525 0.029985795454545466
