03 0.35562499999999997 0.18937500000000002 0.02623355263157895 0.013733552631578966
06 0.8 0.45375 0.06749161073825494 0.014991610738255057
09 0.83875 0.30625 0.022456896551724226 0.017456896551724166
06 0.858125 0.863125 0.08124444444444434 0.0212444444444444
03 0.7068749999999999 0.27125 0.011238095238095158 0.0149880952380953
20 0.155 0.49125 0.014992977528089868 0.012492977528089866
15 0.191875 0.788125 0.013745098039215697 0.02624509803921571
03 0.556875 0.6799999999999999 0.016206896551724137 0.00995689655172416
11 0.37687499999999996 0.326875 0.021228448275862066 0.018728448275862064
04 0.870625 0.04 0.02113636363636373 0.01738636363636363
08 0.5393749999999999 0.69625 0.0187357954545454 0.037485795454545334
18 0.19437500000000002 0.944375 0.013719512195121991 0.016219512195121966
03 0.688125 0.815 0.03373214285714288 0.009982142857142828
