19 0.6387499999999999 0.159375 0.06498355263157884 0.05873355263157895
00 0.684375 0.313125 0.056241610738254955 0.04624161073825506
14 0.775625 0.741875 0.061206896551724066 0.06870689655172413
04 0.24874999999999997 0.280625 0.04499444444444442 0.05374444444444443
18 0.215 0.3125 0.04248809523809527 0.044988095238095216
03 0.19374999999999998 0.9312499999999999 0.07999297752808987 0.03499297752808983
13 0.171875 0.18 0.061245098039215684 0.2024950980392157
02 0.195 0.745 0.07745689655172414 0.049956896551724084
03 0.7825 0.58125 0.03497844827586216 0.057478448275862015
03 0.139375 0.4 0.05113636363636363 0.022386363636363593
11 0.175 0.890625 0.049985795454545484 0.05373579545454543
18 0.38625 0.715 0.03746951219512201 0.039969512195122014
