06 0.026874999999999996 0.88125 0.026233552631578942 0.03498355263157893
12 0.953125 0.566875 0.038741610738254995 0.05374161073825512
05 0.45499999999999996 0.754375 0.02995689655172412 0.02120689655172414
08 0.6675 0.635 0.027494444444444377 0.057494444444444404
03 0.7087470238095237 0.404375 0.02999404761904756 0.04873809523809525
04 0.255625 0.05500000000000001 0.03624297752808989 0.03499297752808989
19 0.516875 0.021875 0.03624509803921566 0.026245098039215688
09 0.7925 0.48625 0.03495689655172418 0.039956896551724186
02 0.39875 0.501875 0.039978448275862055 0.058728448275862044
10 0.7150000000000001 0.45375 0.03488636363636377 0.0298863636363636
15 0.07375000000000001 0.828125 0.032485795454545455 0.04623579545454537
05 0.840625 0.729375 0.026219512195121975 0.043719512195121935
