03 0.46499999999999997 0.5643750000000001 0.05498355263157889 0.13623355263157888
02 0.67875 0.948125 0.06249161073825493 0.046241610738254835
06 0.8556250000000001 0.364375 0.12370689655172418 0.0387068965517241
06 0.6956249999999999 0.87 0.0887444444444444 0.1774944444444444
07 0.48124999999999996 0.0875 0.024988095238095254 0.07498809523809524
14 0.459375 0.681875 0.06624297752808989 0.08124297752808984
03 0.781875 0.8300000000000001 0.04124509803921561 0.03999509803921575
20 0.68375 0.82375 0.049956896551724084 0.029956896551724066
03 0.845 0.265 0.06497844827586219 0.09497844827586205
15 0.6643749999999999 0.039375 0.0486363636363637 0.06863636363636363
01 0.868125 0.786875 0.06123579545454538 0.05623579545454538
03 0.819375 0.21937500000000004 0.051219512195122 0.12121951219512198
07 0.258125 0.774375 0.03123214285714282 0.1412321428571428
