04 0.59125 0.48375 0.02498355263157881 0.017483552631578914
05 0.87 0.615 0.017491610738255003 0.02999161073825496
01 0.33499999999999996 0.198125 0.02995689655172412 0.02870689655172412
03 0.743125 0.628125 0.026244444444444404 0.04624444444444442
13 0.4343779761904762 0.6925 0.02624404761904764 0.04248809523809505
00 0.503125 0.604375 0.021242977528089846 0.018742977528089844
03 0.5893762254901961 0.98 0.011247549019607783 0.03749509803921569
08 0.24248922413793103 0.5225 0.027478448275862044 0.014956896551724164
15 0.6837500000000001 0.48125 0.014978448275862255 0.024978448275862042
06 0.555625 0.853125 0.061136363636363655 0.0386363636363638
