03 0.6481250000000001 0.205625 0.018733552631578942 0.04123355263157896
10 0.503125 0.43000000000000005 0.021241610738255035 0.01749161073825506
20 0.229375 0.505 0.016206896551724137 0.012456896551724161
20 0.495 0.48125 0.01249444444444453 0.012494444444444475
03 0.830625 0.5606249999999999 0.02873809523809523 0.026238095238095283
04 0.561875 0.661875 0.018742977528089844 0.026242977528089906
15 0.72375 0.155625 0.014995098039215726 0.028745098039215683
10 0.095625 0.179375 0.013706896551724135 0.013706896551724135
11 0.41000000000000003 0.231875 0.02247844827586204 0.02372844827586207
03 0.348125 0.828125 0.03363636363636363 0.026136363636363846
20 0.6725 0.495625 0.027485795454545325 0.02123579545454546
20 0.3325 0.46625 0.024969512195121946 0.024969512195122
08 0.290625 0.334375 0.02623214285714287 0.07873214285714286
