03 0.753125 0.5900000000000001 0.03873355263157896 0.039983552631578934
08 0.018125 0.7424999999999999 0.021241610738255035 0.012491610738254999
09 0.16625 0.4525 0.024956896551724145 0.01745689655172411
03 0.07125000000000001 0.19875 0.034994444444444446 0.02499444444444443
10 0.665625 0.765625 0.02623809523809517 0.021238095238095056
03 0.5125000000000001 0.824375 0.02999297752808988 0.04124297752808981
15 0.5612487745098039 0.204375 0.03749754901960789 0.031245098039215713
03 0.235625 0.345625 0.13370689655172413 0.04870689655172411
13 0.52125 0.12687500000000002 0.13247844827586208 0.041228448275862056
04 0.27 0.219375 0.02488636363636365 0.018636363636363645
03 0.8075 0.7975000000000001 0.03998579545454528 0.03248579545454533
