06 0.4375 0.470625 0.009983552631578907 0.07373355263157888
11 0.143125 0.474375 0.02624161073825504 0.018741610738255032
01 0.513125 0.6525000000000001 0.01370689655172408 0.00995689655172416
14 0.763125 0.17375000000000002 0.016244444444444395 0.014994444444444449
09 0.75875 0.750625 0.02248809523809514 0.031238095238095065
06 0.073125 0.6074999999999999 0.011242977528089892 0.07749297752808981
06 0.73125 0.43062500000000004 0.014995098039215615 0.026245098039215653
15 0.6125 0.098125 0.014956896551724053 0.033706896551724125
03 0.8087500000000001 0.6543749999999999 0.0174784482758622 0.028728448275862184
08 0.029375 0.703125 0.03613636363636363 0.07863636363636384
03 0.414375 0.234375 0.026235795454545463 0.038735795454545446
01 0.255 0.638125 0.019969512195121997 0.016219512195121966
03 0.229375 0.888125 0.028732142857142817 0.028732142857142873
