07 0.619375 0.31937499999999996 0.06373355263157898 0.03623355263157896
10 0.72 0.438125 0.0274916107382549 0.023741610738255037
04 0.5393749999999999 0.415 0.036206896551724044 0.02745689655172412
03 0.73875 0.88625 0.03999444444444433 0.054994444444444346
12 0.856875 0.88375 0.048738095238095025 0.07498809523809513
08 0.5631232443820224 0.44 0.028746488764044953 0.049992977528089844
04 0.406875 0.50875 0.041245098039215666 0.024995098039215624
14 0.17312499999999997 0.24562499999999998 0.03620689655172413 0.03620689655172413
11 0.68625 0.055624999999999994 0.03497844827586216 0.03622844827586207
04 0.509375 0.18625 0.031136363636363573 0.03238636363636366
18 0.204375 0.4275 0.02373579545454546 0.02498579545454549
