00 0.90875 0.19375 0.027483552631578978 0.01998355263157897
19 0.306875 0.986875 0.023741610738255037 0.021241610738254812
03 0.56375 0.826875 0.01745689655172411 0.016206896551724137
03 0.208125 0.771875 0.02374444444444443 0.013744444444444337
01 0.1725 0.96625 0.01248809523809527 0.009988095238095185
04 0.1 0.47562499999999996 0.02249297752808989 0.021242977528089846
14 0.43 0.188125 0.042495098039215695 0.02624509803921568
06 0.23688577586206894 0.20124999999999998 0.028728448275862045 0.08745689655172414
06 0.24812499999999998 0.39812499999999995 0.008728448275862055 0.031228448275862075
04 0.051875000000000004 0.82875 0.02613636363636363 0.01738636363636381
06 0.5525035511363636 0.40625 0.05749289772727273 0.06998579545454542
09 0.723125 0.3225 0.028719512195122032 0.03496951219512201
