04 0.67375 0.46875 0.02498355263157892 0.022483552631578863
08 0.811875 0.75 0.011241610738254915 0.014991610738254835
08 0.7931250000000001 0.123125 0.02120689655172414 0.01870689655172411
13 0.2818763888888889 0.62125 0.043747222222222215 0.04999444444444445
20 0.5862499999999999 0.90875 0.02498809523809531 0.017488095238095025
03 0.284375 0.854375 0.01374297752808984 0.0312429775280898
06 0.4675 0.10187377450980392 0.06499509803921572 0.02374754901960785
01 0.8175 0.428125 0.01745689655172411 0.01870689655172414
03 0.129375 0.631875 0.01872844827586205 0.016228448275862006
15 0.291875 0.41375 0.013636363636363669 0.037386363636363606
