04 0.23812500000000003 0.133125 0.04373355263157899 0.051233552631578944
04 0.924375 0.9281250000000001 0.043741610738255 0.046241610738254946
03 0.815625 0.223125 0.1062068965517241 0.05620689655172412
03 0.700625 0.45375 0.09124444444444435 0.0424944444444445
06 0.9225 0.454375 0.04248809523809505 0.02373809523809528
10 0.4925 0.843125 0.08749297752808982 0.06874297752808989
16 0.685 0.839373774509804 0.0674950980392156 0.06374754901960789
05 0.774375 0.6975 0.05870689655172412 0.04495689655172419
00 0.210625 0.8206249999999999 0.051228448275862065 0.03872844827586219
06 0.515 0.38125 0.06238636363636357 0.024886363636363595
