20 0.663125 0.51875 0.02123355263157889 0.01748355263157897
04 0.6699999999999999 0.92625 0.04749161073825492 0.04499161073825486
03 0.933125 0.374375 0.07120689655172407 0.08120689655172414
04 0.7406250000000001 0.829375 0.04874444444444437 0.02874444444444435
20 0.09875 0.46375 0.049988095238095234 0.03998809523809527
01 0.0975 0.855 0.027492977528089893 0.022492977528089875
07 0.7024999999999999 0.8518749999999999 0.1049950980392157 0.10124509803921578
09 0.33187500000000003 0.356875 0.12120689655172417 0.053706896551724115
03 0.540625 0.515625 0.026228448275862126 0.08122844827586206
19 0.599375 0.9293750000000001 0.04863636363636359 0.028636363636363682
13 0.32375 0.524375 0.04498579545454545 0.19123579545454544
