12 0.0625 0.66875 0.032483552631578955 0.02498355263157892
03 0.052500000000000005 0.7825 0.044991610738255035 0.014991610738254946
14 0.389375 0.61625 0.028706896551724148 0.02495689655172406
06 0.519375 0.138125 0.006244444444444497 0.021244444444444455
03 0.631875 0.7725 0.013738095238095327 0.027488095238095145
03 0.81125 0.238125 0.022492977528089875 0.011242977528089837
10 0.2175 0.80375 0.012495098039215669 0.009995098039215722
07 0.82625 0.596875 0.01745689655172411 0.04620689655172405
03 0.14250538793103448 0.656875 0.02248922413793103 0.011228448275862224
03 0.15375 0.424375 0.02488636363636365 0.033636363636363575
