07 0.9668749999999999 0.718125 0.051233552631578916 0.02873355263157884
05 0.3825 0.93625 0.03749161073825502 0.05499161073825487
02 0.460625 0.37125 0.0337068965517241 0.04245689655172413
18 0.299375 0.600625 0.026244444444444404 0.02874444444444446
06 0.9393750000000001 0.6074999999999999 0.021238095238095167 0.04998809523809522
03 0.47500175561797753 0.5525 0.017496488764044915 0.05249297752808979
03 0.559375 0.625 0.04124509803921572 0.02999509803921563
03 0.330625 0.9275 0.046206896551724164 0.029956896551724066
14 0.73875 0.7625 0.022478448275862206 0.032478448275862215
09 0.7581249999999999 0.21125 0.0486363636363637 0.04738636363636367
12 0.405625 0.400625 0.07373579545454545 0.07373579545454545
