03 0.71375 0.691875 0.06998355263157885 0.04123355263157891
20 0.735625 0.221875 0.021241610738254924 0.016241610738255058
14 0.770625 0.395 0.03370689655172421 0.032456896551724124
01 0.6125 0.4325 0.029994444444444546 0.019994444444444537
00 0.284375 0.924375 0.026238095238095283 0.023738095238095114
14 0.24625000000000002 0.048125 0.03999297752808986 0.03874297752808989
03 0.06250122549019607 0.7481249999999999 0.03749754901960785 0.05374509803921568
09 0.14375 0.704375 0.04245689655172412 0.0337068965517241
03 0.04375 0.49749999999999994 0.06247844827586207 0.027478448275862044
04 0.04875 0.053125000000000006 0.03488636363636363 0.02613636363636363
