18 0.42874999999999996 0.343125 0.017483552631578914 0.018733552631578887
00 0.83125 0.32125000000000004 0.0274916107382549 0.02499161073825501
18 0.505 0.8025 0.019956896551724113 0.022456896551724115
03 0.113125 0.10625 0.02624444444444446 0.019994444444444454
14 0.020624999999999998 0.62 0.018738095238095238 0.01498809523809519
11 0.5349999999999999 0.3125 0.032492977528089884 0.03749297752808989
03 0.6912499999999999 0.291875 0.022495098039215677 0.028745098039215655
03 0.41875 0.21875 0.01745689655172411 0.03745689655172413
20 0.3075 0.358125 0.029978448275862046 0.018728448275862064
20 0.556875 0.339375 0.026136363636363624 0.028636363636363626
04 0.525625 0.5818749999999999 0.031235795454545467 0.023735795454545516
