03 0.16625 0.5487500000000001 0.01748355263157897 0.029983552631578925
18 0.5843750000000001 0.458125 0.021241610738255035 0.023741610738255092
05 0.30625 0.301875 0.017456896551724166 0.04120689655172416
14 0.65875 0.2625 0.039994444444444444 0.019994444444444426
04 0.961875 0.095625 0.02623809523809506 0.026238095238095227
05 0.5331250000000001 0.365625 0.026242977528089795 0.021242977528089846
19 0.221875 0.411875 0.03374509803921569 0.023745098039215706
20 0.32625000000000004 0.885625 0.024956896551724117 0.02120689655172403
02 0.5525 0.6737500000000001 0.029978448275862046 0.029978448275862157
03 0.27875 0.6275000000000001 0.03238636363636371 0.03488636363636366
09 0.26375000000000004 0.5225 0.027485795454545492 0.07248579545454542
03 0.04625 0.011875000000000002 0.01496951219512195 0.018719512195121954
06 0.291875 0.568125 0.07623214285714286 0.04123214285714283
03 0.10375000000000001 0.29875 0.06748749999999999 0.027487499999999998
