16 0.58375 0.235 0.029983552631578814 0.022483552631578974
13 0.3625 0.4625 0.034991610738255075 0.07499161073825505
03 0.1775 0.464375 0.03995689655172413 0.013706896551724135
03 0.756875 0.849375 0.016244444444444395 0.016244444444444284
09 0.90125 0.28625 0.019988095238095083 0.029988095238095314
04 0.8325 0.385 0.02749297752808988 0.022492977528089875
20 0.4575 0.6825 0.012495098039215724 0.00999509803921561
14 0.97375 0.8887499999999999 0.014956896551724164 0.02495689655172406
07 0.3981196120689655 0.365625 0.03123922413793101 0.03372844827586202
04 0.660625 0.06375 0.026136363636363735 0.029886363636363635
09 0.174375 0.020624999999999998 0.02373579545454546 0.016235795454545454
08 0.411875 0.479375 0.028719512195121977 0.028719512195121977
05 0.49125 0.750625 0.0274821428571429 0.01373214285714286
03 0.1175 0.9693750000000001 0.03998750000000001 0.016237500000000016
