05 0.078125 0.7075 0.03123355263157894 0.05998355263157884
20 0.06625 0.83125 0.04999161073825503 0.029991610738254848
15 0.37375 0.3525 0.044956896551724135 0.022456896551724115
14 0.615 0.626875 0.05499444444444446 0.033744444444444355
01 0.27937500000000004 0.391875 0.028738095238095285 0.03123809523809523
07 0.69625 0.39875000000000005 0.02499297752808982 0.10999297752808984
07 0.65125 0.39625 0.014995098039215726 0.059995098039215655
15 0.44875 0.3375 0.04745689655172414 0.02995689655172412
06 0.588125 0.524375 0.13372844827586217 0.08872844827586202
18 0.09812499999999999 0.5843750000000001 0.02863636363636364 0.03113636363636363
03 0.618125 0.29874999999999996 0.02873579545454541 0.032485795454545496
00 0.17562500000000003 0.83125 0.04871951219512197 0.03246951219512206
