00 0.89625 0.49875 0.03248355263157898 0.027483552631578922
20 0.453125 0.4775 0.023741610738255092 0.01999161073825506
20 0.301875 0.321875 0.02120689655172414 0.023706896551724144
18 0.133125 0.25125 0.018744444444444452 0.022494444444444428
06 0.615625 0.33875 0.021238095238095278 0.02248809523809525
08 0.54625 0.575625 0.02749297752808988 0.026242977528089795
03 0.6712499999999999 0.421875 0.022495098039215677 0.04374509803921567
18 0.713125 0.4475 0.02120689655172414 0.024956896551724117
13 0.84875 0.580625 0.08247844827586226 0.036228448275862024
03 0.12625 0.956875 0.03988636363636362 0.04113636363636375
03 0.69 0.78625 0.012485795454545312 0.02498579545454538
04 0.42625 0.5925 0.027469512195122003 0.022469512195121943
04 0.15125 0.81625 0.03248214285714285 0.02748214285714279
