20 0.5449999999999999 0.26125 0.04498355263157883 0.042483552631578964
14 0.5706249999999999 0.421875 0.05374161073825501 0.08374161073825503
08 0.535 0.19 0.02745689655172412 0.09745689655172413
19 0.35875 0.23500000000000001 0.05249444444444451 0.042494444444444446
03 0.5575 0.10750000000000001 0.04248809523809527 0.11248809523809525
14 0.130625 0.186875 0.08624297752808986 0.04374297752808984
07 0.263125 0.958125 0.04874509803921567 0.04874509803921567
03 0.865625 0.85375 0.046206896551724164 0.0699568965517241
15 0.784375 0.219375 0.02372844827586229 0.038728448275862054
01 0.96625 0.175 0.024886363636363762 0.022386363636363676
08 0.40249999999999997 0.24 0.02998579545454544 0.05248579545454546
03 0.63125 0.88375 0.05996951219512203 0.09996951219512196
20 0.09125 0.69875 0.03748214285714287 0.029982142857142846
