05 0.34375 0.58875 0.03498355263157893 0.03498355263157893
18 0.22875 0.09375 0.02749161073825504 0.029991610738255042
03 0.911875 0.6781250000000001 0.026206896551724146 0.03120689655172415
09 0.303125 0.881875 0.02624444444444446 0.033744444444444355
03 0.746875 0.08687500000000001 0.02623809523809506 0.02623809523809524
06 0.07 0.185 0.01249297752808988 0.04499297752808984
20 0.64625 0.09062500000000001 0.024995098039215735 0.026245098039215695
18 0.32437499999999997 0.668125 0.023706896551724144 0.026206896551724146
10 0.8531249999999999 0.13 0.03872844827586219 0.02997844827586206
02 0.5531250000000001 0.244375 0.011136363636363611 0.06113636363636368
04 0.24 0.9650000000000001 0.029985795454545466 0.019985795454545374
