03 0.8356250000000001 0.115 0.018733552631578942 0.032483552631578955
18 0.49875 0.04625 0.014991610738255057 0.01749161073825503
05 0.125625 0.459375 0.018706896551724125 0.02620689655172409
06 0.50875 0.815 0.009994444444444528 0.05999444444444435
04 0.861875 0.030625 0.02623809523809506 0.02373809523809524
20 0.599375 0.08125 0.016242977528089897 0.012492977528089894
03 0.45124877450980394 0.0525 0.01499754901960787 0.024995098039215694
14 0.224375 0.658125 0.026206896551724118 0.026206896551724146
06 0.316875 0.7168749999999999 0.06622844827586205 0.013728448275862282
09 0.9475 0.81375 0.01738636363636381 0.022386363636363704
18 0.208125 0.479375 0.01123579545454545 0.013735795454545507
