15 0.8200000000000001 0.318125 0.02498355263157881 0.023733552631578947
15 0.18062499999999998 0.405625 0.008741610738255051 0.018741610738255032
08 0.27625 0.42874999999999996 0.02745689655172412 0.019956896551724113
06 0.82125 0.58125 0.03999444444444433 0.05499444444444446
08 0.33187500000000003 0.114375 0.013738095238095271 0.018738095238095234
16 0.6993750000000001 0.14625 0.023742977528089848 0.03749297752808989
04 0.105625 0.78125 0.028745098039215697 0.02999509803921563
03 0.5237499999999999 0.18625 0.04245689655172413 0.014956896551724108
18 0.56 0.5825 0.014978448275862033 0.01747844827586209
07 0.13375 0.049375 0.01238636363636364 0.04613636363636364
