15 0.5175000000000001 0.028124999999999997 0.009983552631578907 0.026233552631578946
03 0.46125 0.913125 0.03749161073825502 0.056241610738254955
12 0.71875 0.9375 0.032456896551724235 0.03495689655172418
13 0.27437500000000004 0.7262500000000001 0.1537444444444445 0.09499444444444427
12 0.845 0.594375 0.037488095238095154 0.03873809523809535
03 0.55 0.38 0.01749297752808987 0.05499297752808985
06 0.5800012254901961 0.855625 0.029997549019607828 0.11124509803921567
12 0.5856250000000001 0.93625 0.036206896551724044 0.039956896551724075
03 0.75375 0.87625 0.032478448275862215 0.0174784482758622
05 0.079375 0.15875 0.028636363636363626 0.027386363636363653
