03 0.736875 0.246875 0.07123355263157893 0.07373355263157899
18 0.535625 0.24625 0.023741610738255092 0.027491610738255068
20 0.5475 0.15437499999999998 0.029956896551724066 0.023706896551724116
10 0.6375 0.18 0.027494444444444488 0.019994444444444426
15 0.625 0.83 0.01498809523809519 0.0399880952380951
04 0.935 0.24875 0.039992977528089946 0.03749297752808983
11 0.515 0.5562499999999999 0.04249509803921564 0.032495098039215686
12 0.663125 0.540625 0.07120689655172419 0.046206896551724164
03 0.195 0.631875 0.06747844827586205 0.04122844827586214
14 0.591875 0.485 0.02863636363636357 0.06238636363636352
10 0.3875 0.306875 0.027485795454545436 0.02123579545454546
08 0.03812499999999999 0.06 0.05871951219512194 0.03996951219512195
