18 0.806875 0.95625 0.026233552631578894 0.029983552631578925
03 0.605 0.510625 0.08499161073825501 0.038741610738254995
01 0.13 0.058124999999999996 0.034956896551724126 0.033706896551724146
03 0.778125 0.16562499999999997 0.03624444444444441 0.04374444444444445
03 0.050625 0.61125 0.03873809523809524 0.05248809523809528
14 0.61375 0.133125 0.039992977528089835 0.018742977528089885
03 0.8625 0.390625 0.0674950980392156 0.06124509803921574
02 0.840625 0.745625 0.026206896551724146 0.046206896551724164
03 0.4225 0.72125 0.024978448275862042 0.04747844827586223
20 0.027499999999999997 0.165 0.024886363636363634 0.02488636363636365
20 0.0625 0.931875 0.027485795454545443 0.023735795454545405
