03 0.39375 0.653125 0.02498355263157892 0.033733552631578845
17 0.3375 0.909375 0.03999161073825502 0.04874161073825489
06 0.215625 0.899375 0.08120689655172411 0.06620689655172407
20 0.32625000000000004 0.133125 0.042494444444444446 0.04624444444444446
06 0.576875 0.090625 0.021238095238095278 0.036238095238095236
14 0.51625 0.9337500000000001 0.02749297752808988 0.03499297752808983
15 0.30374999999999996 0.799375 0.029995098039215684 0.056245098039215624
13 0.8418749999999999 0.19687500000000002 0.0337068965517241 0.033706896551724125
19 0.490625 0.146875 0.028728448275862073 0.031228448275862075
03 0.48687499999999995 0.070625 0.10863636363636359 0.04613636363636363
