03 0.6312500000000001 0.39625 0.022483552631578863 0.027483552631578867
06 0.34750000000000003 0.784375 0.0024916107382550456 0.09374161073825482
13 0.103125 0.5875 0.08620689655172414 0.05995689655172409
00 0.130625 0.786875 0.023744444444444457 0.023744444444444346
03 0.8943749999999999 0.559375 0.07373809523809516 0.041238095238095185
04 0.230625 0.45999999999999996 0.04624297752808987 0.03249297752808983
20 0.78 0.595 0.02999509803921574 0.032495098039215686
03 0.381875 0.31 0.02120689655172414 0.08495689655172411
03 0.474375 0.199375 0.0562284482758621 0.03372844827586208
12 0.21250000000000002 0.45625000000000004 0.09238636363636368 0.04488636363636361
20 0.594375 0.5231250000000001 0.033735795454545414 0.033735795454545525
06 0.384375 0.865 0.08621951219512197 0.0974695121951219
20 0.7068749999999999 0.0925 0.03123214285714282 0.02498214285714287
