09 0.084375 0.20875 0.03123355263157894 0.02998355263157898
06 0.7906249999999999 0.229375 0.038741610738254884 0.018741610738255032
12 0.75125 0.943125 0.03495689655172418 0.036206896551724155
03 0.6893750000000001 0.784375 0.008744444444444333 0.016244444444444395
13 0.275625 0.7725 0.041238095238095296 0.019988095238095194
10 0.7937517556179775 0.8656250000000001 0.009996488764044908 0.01374297752808984
05 0.48750000000000004 0.115625 0.019995098039215675 0.011245098039215681
01 0.888125 0.5825 0.01370689655172408 0.012456896551724106
06 0.8906196120689656 0.514375 0.021239224137931112 0.03872844827586208
02 0.495 0.113125 0.014886363636363642 0.03363636363636363
05 0.770625 0.536875 0.013735795454545396 0.031235795454545467
01 0.6875 0.7525 0.01746951219512205 0.012469512195122046
