03 0.08437499999999999 0.55375 0.09873355263157893 0.07498355263157885
07 0.161875 0.330625 0.09124161073825504 0.048741610738255
13 0.630625 0.715625 0.13370689655172407 0.2937068965517241
18 0.036875 0.435 0.04624444444444444 0.047494444444444506
02 0.734375 0.2975 0.12623809523809504 0.0699880952380953
08 0.6487499999999999 0.816875 0.08999297752808977 0.08374297752808979
12 0.40375 0.20750000000000002 0.09499509803921569 0.0774950980392157
01 0.5431250000000001 0.62375 0.07620689655172408 0.0699568965517241
15 0.866875 0.138125 0.12622844827586222 0.05372844827586208
08 0.26937500000000003 0.68875 0.07363636363636367 0.03238636363636371
01 0.51625 0.928125 0.03498579545454539 0.026235795454545352
13 0.474375 0.838125 0.07371951219512196 0.13121951219512207
05 0.729375 0.17812499999999998 0.07123214285714274 0.04873214285714286
11 0.274375 0.155 0.06373749999999997 0.044987500000000014
