03 0.645625 0.5662499999999999 0.0887335526315789 0.06998355263157896
03 0.24875 0.778125 0.08999161073825507 0.018741610738254866
01 0.506875 0.503125 0.05120689655172417 0.03120689655172415
03 0.8131250000000001 0.32062500000000005 0.10124444444444436 0.08874444444444446
08 0.615625 0.130625 0.08373809523809528 0.03373809523809522
04 0.03125 0.5762499999999999 0.05499297752808989 0.032492977528089884
03 0.818125 0.33125 0.06124509803921563 0.0474950980392157
03 0.70875 0.286875 0.0549568965517242 0.0387068965517241
15 0.35062499999999996 0.3725 0.021228448275862066 0.039978448275862055
18 0.5543750000000001 0.28812499999999996 0.03613636363636352 0.04113636363636369
02 0.681875 0.536875 0.06373579545454533 0.08873579545454552
03 0.774375 0.7418750000000001 0.08621951219512203 0.08621951219512203
08 0.9275 0.5225 0.05998214285714276 0.07748214285714278
