01 0.729375 0.391875 0.03873355263157885 0.031233552631578954
17 0.91625 0.92 0.03749161073825491 0.042491610738254915
07 0.059375000000000004 0.4625 0.041206896551724145 0.012456896551724161
05 0.7975013888888889 0.53625 0.034997222222222124 0.039994444444444444
01 0.965625 0.799375 0.023738095238095114 0.01623809523809505
04 0.9575 0.5531250000000001 0.04249297752808978 0.03374297752808986
03 0.071875 0.714375 0.023745098039215692 0.04374509803921567
13 0.37875000000000003 0.65375 0.03995689655172413 0.06745689655172404
03 0.889375 0.8275 0.05622844827586215 0.04497844827586217
10 0.079375 0.930625 0.04863636363636364 0.028636363636363682
06 0.78 0.96375 0.08748579545454538 0.054985795454545405
