01 0.34875 0.45499999999999996 0.029983552631578925 0.03248355263157893
04 0.880625 0.901875 0.038741610738254995 0.038741610738254884
20 0.8418749999999999 0.548125 0.02120689655172414 0.016206896551724137
12 0.4475 0.18562499999999998 0.057494444444444515 0.04374444444444445
05 0.38875000000000004 0.451875 0.03998809523809527 0.0437380952380953
06 0.468125 0.40812499999999996 0.05624297752808988 0.06124297752808988
18 0.333125 0.074375 0.02624509803921571 0.028745098039215697
06 0.366875 0.160625 0.036206896551724155 0.09120689655172413
01 0.34875 0.31375 0.024978448275862042 0.027478448275862044
04 0.634375 0.94375 0.026136363636363624 0.022386363636363704
