02 0.85625 0.916875 0.0624835526315789 0.033733552631578956
12 0.5775 0.63625 0.034991610738255075 0.034991610738254963
07 0.401875 0.71 0.0362068965517241 0.04245689655172413
09 0.2175 0.360625 0.02499444444444443 0.028744444444444517
08 0.8968750000000001 0.40249999999999997 0.023738095238095114 0.032488095238095316
14 0.425 0.40937500000000004 0.03499297752808983 0.01624297752808984
03 0.6681250000000001 0.76125 0.03374509803921566 0.0474950980392157
18 0.686875 0.33187500000000003 0.018706896551724084 0.021206896551724086
10 0.7625 0.334375 0.024978448275862264 0.018728448275862064
04 0.780625 0.510625 0.028636363636363793 0.026136363636363624
18 0.89 0.07375000000000001 0.017485795454545316 0.019985795454545457
20 0.9425 0.5406249999999999 0.01746951219512205 0.013719512195122019
12 0.7150000000000001 0.23312500000000003 0.03248214285714279 0.041232142857142856
20 0.248125 0.33125000000000004 0.018737500000000018 0.01998749999999999
