15 0.76625 0.365625 0.037483552631578876 0.0362335526315789
07 0.615625 0.1775 0.07874161073825503 0.024991610738255038
00 0.14937499999999998 0.7112499999999999 0.02870689655172412 0.022456896551724115
02 0.925 0.63 0.03249444444444427 0.022494444444444595
08 0.4325029761904762 0.944375 0.03749404761904762 0.031238095238095176
12 0.889375 0.855 0.036242977528089804 0.0474929775280899
03 0.795 0.35624999999999996 0.0474950980392157 0.08249509803921568
18 0.973125 0.723125 0.016206896551724137 0.018706896551724084
08 0.944375 0.11625 0.028728448275862184 0.03497844827586208
02 0.7306250000000001 0.9075 0.016136363636363726 0.02738636363636371
01 0.901875 0.181875 0.021235795454545348 0.016235795454545482
