19 0.03875 0.19687500000000002 0.01248355263157895 0.033733552631578984
12 0.6924999999999999 0.6018749999999999 0.0274916107382549 0.048741610738255114
11 0.614375 0.835 0.0237068965517242 0.02745689655172412
03 0.10062499999999999 0.960625 0.03374444444444445 0.033744444444444355
06 0.3075029761904762 0.1275 0.062494047619047643 0.03248809523809522
03 0.90625 0.799375 0.022492977528089764 0.03124297752808991
20 0.786875 0.198125 0.023745098039215762 0.028745098039215683
13 0.90625 0.40249999999999997 0.16245689655172413 0.08745689655172412
01 0.611875 0.6425000000000001 0.021228448275862122 0.0174784482758622
09 0.391875 0.9137500000000001 0.02613636363636357 0.019886363636363646
08 0.145625 0.09187500000000001 0.03373579545454547 0.04123579545454546
20 0.411875 0.24687499999999998 0.02121951219512197 0.023719512195121972
00 0.5843750000000001 0.951875 0.03123214285714282 0.018732142857142864
