01 0.66125 0.54 0.04248355263157899 0.037483552631578876
09 0.06375 0.729375 0.04249161073825504 0.10374161073825494
01 0.46625000000000005 0.311875 0.03995689655172413 0.028706896551724148
11 0.33062500000000006 0.254375 0.056244444444444486 0.04624444444444445
15 0.673125 0.74375 0.05123809523809508 0.05998809523809512
09 0.063125 0.919375 0.043742977528089894 0.05624297752808982
03 0.280625 0.200625 0.10874509803921567 0.0862450980392157
03 0.1 0.48624999999999996 0.03995689655172413 0.054956896551724144
03 0.124375 0.215 0.04372844827586206 0.05997844827586207
09 0.955625 0.814375 0.053636363636363815 0.061136363636363766
03 0.8200000000000001 0.38312500000000005 0.08498579545454532 0.09123579545454547
