18 0.59125 0.96625 0.03248355263157887 0.03498355263157882
08 0.78625 0.215625 0.06749161073825483 0.05624161073825504
14 0.174375 0.779375 0.043706896551724106 0.05870689655172412
04 0.81625 0.8525 0.03499444444444433 0.03249444444444438
04 0.740625 0.778125 0.03873809523809513 0.031238095238095176
14 0.5393749999999999 0.78 0.03374297752808986 0.02749297752808988
15 0.720625 0.08499999999999999 0.0162450980392157 0.0349950980392157
14 0.84125 0.579375 0.0649568965517241 0.0337068965517241
06 0.848125 0.4874946120689655 0.15622844827586224 0.07498922413793102
14 0.5874999999999999 0.80375 0.04238636363636361 0.02738636363636371
