10 0.93125 0.139375 0.027483552631578867 0.02873355263157895
07 0.889375 0.698125 0.06124161073825496 0.031241610738254932
03 0.405 0.565 0.017456896551724166 0.029956896551724177
19 0.796875 0.27749999999999997 0.018744444444444452 0.034994444444444384
02 0.23125 0.565625 0.017488095238095275 0.021238095238095278
10 0.06125 0.650625 0.019992977528089893 0.02124297752808979
01 0.8 0.04625 0.022495098039215677 0.014995098039215692
20 0.04375 0.34625 0.024956896551724138 0.01745689655172411
08 0.323125 0.66125 0.016228448275862062 0.01997844827586226
03 0.59 0.240625 0.027386363636363598 0.056136363636363706
