11 0.74375 0.506875 0.02498355263157892 0.02123355263157889
08 0.34125 0.59625 0.014991610738255057 0.014991610738254946
03 0.445 0.568125 0.04245689655172413 0.04870689655172411
09 0.058125 0.596875 0.028744444444444447 0.03874444444444458
20 0.5531250000000001 0.165 0.026238095238095283 0.024988095238095254
07 0.181875 0.12249824438202248 0.07874297752808987 0.04499648876404494
20 0.47875 0.548125 0.022495098039215677 0.018745098039215646
10 0.53625 0.405625 0.024956896551724173 0.023706896551724144
15 0.6 0.48875 0.019978448275862037 0.03747844827586211
05 0.45625000000000004 0.27437500000000004 0.01988636363636359 0.03613636363636369
13 0.060000000000000005 0.120625 0.044985795454545466 0.05623579545454546
09 0.3562423780487805 0.889375 0.02748475609756096 0.04871951219512194
03 0.719375 0.47 0.04873214285714278 0.034982142857142795
