04 0.16312500000000002 0.2175 0.01873355263157897 0.014983552631578967
06 0.8987499999999999 0.80375 0.00999161073825483 0.01999161073825484
01 0.7849999999999999 0.266875 0.022456896551724115 0.023706896551724144
12 0.9693750000000001 0.038125000000000006 0.02874444444444435 0.03374444444444445
14 0.313125 0.22375 0.03623809523809529 0.027488095238095256
10 0.330625 0.96875 0.018742977528089844 0.014992977528089924
05 0.130625 0.808125 0.02124509803921569 0.013745098039215753
15 0.9425 0.7424999999999999 0.009956896551724048 0.022456896551724115
06 0.74 0.2843696120689655 0.06247844827586224 0.041239224137931074
03 0.876875 0.425 0.02113636363636373 0.0323863636363636
