03 0.73875 0.39 0.06998355263157885 0.037483552631578876
03 0.49187290268456374 0.870625 0.0762458053691275 0.06874161073825491
06 0.39812499999999995 0.7962499999999999 0.19120689655172413 0.04245689655172413
20 0.621875 0.24625000000000002 0.03874444444444447 0.024994444444444458
05 0.329375 0.7362500000000001 0.05123809523809525 0.054988095238095114
09 0.61 0.856875 0.09249297752808983 0.09374297752808991
08 0.135 0.268125 0.15499509803921568 0.1587450980392157
01 0.501875 0.885625 0.048706896551724055 0.0387068965517241
03 0.7275 0.8087500000000001 0.08247844827586215 0.12247844827586218
10 0.838125 0.761875 0.05863636363636382 0.053636363636363704
09 0.9525 0.6375 0.04998579545454529 0.09748579545454539
11 0.64625 0.276875 0.057469512195121975 0.038719512195121986
