04 0.94875 0.571875 0.029983552631578925 0.023733552631578947
08 0.37312500000000004 0.11625 0.018741610738255032 0.07999161073825503
19 0.259375 0.6925 0.031206896551724095 0.024956896551724173
06 0.5706249999999999 0.755625 0.011244444444444501 0.0362444444444443
06 0.858125 0.971875 0.01873809523809511 0.03373809523809512
01 0.53 0.1525 0.01749297752808987 0.019992977528089872
03 0.3725 0.12625 0.032495098039215686 0.014995098039215685
03 0.485625 0.46875 0.03370689655172415 0.019956896551724168
11 0.49124999999999996 0.23875 0.029978448275862046 0.027478448275862044
06 0.7375 0.6425000000000001 0.019886363636363757 0.02488636363636365
03 0.291875 0.416875 0.04623579545454548 0.02123579545454546
13 0.228125 0.938125 0.018719512195121968 0.051219512195122
03 0.08875 0.23249999999999998 0.022482142857142853 0.0774821428571428
18 0.8175 0.229375 0.0174875000000001 0.02123750000000002
