04 0.46562499999999996 0.550625 0.02373355263157889 0.026233552631578894
18 0.013749999999999998 0.4175 0.014991610738255032 0.01749161073825506
14 0.9375 0.0925 0.01745689655172411 0.029956896551724135
15 0.259375 0.28625 0.011244444444444446 0.014994444444444421
08 0.44 0.44999999999999996 0.027488095238095256 0.024988095238095254
02 0.036250000000000004 0.266875 0.012492977528089887 0.02624297752808985
10 0.48812500000000003 0.875 0.016245098039215644 0.014995098039215726
03 0.23875000000000002 0.89625 0.022456896551724143 0.024956896551724173
13 0.6775 0.6725000000000001 0.06497844827586219 0.08997844827586221
20 0.606875 0.360625 0.016136363636363504 0.01613636363636356
