15 0.3075 0.79625 0.029983552631578925 0.027483552631578867
11 0.625 0.056874999999999995 0.027491610738255012 0.021241610738255028
20 0.6625 0.45687500000000003 0.014956896551724164 0.013706896551724135
01 0.27375 0.173125 0.014994444444444421 0.01624444444444445
03 0.01500297619047619 0.5631250000000001 0.02249404761904762 0.016238095238095274
20 0.7175 0.10250000000000001 0.01749297752808987 0.014992977528089882
06 0.483125 0.40249999999999997 0.016245098039215644 0.06499509803921572
11 0.49124999999999996 0.093125 0.024956896551724117 0.013706896551724135
06 0.725625 0.049375 0.1062284482758622 0.016228448275862062
18 0.715625 0.348125 0.02113636363636373 0.023636363636363622
03 0.061246448863636366 0.961875 0.01749289772727273 0.016235795454545343
06 0.490625 0.226875 0.04121951219512199 0.06621951219512198
