04 0.47875 0.38375000000000004 0.027483552631578867 0.027483552631578922
11 0.829375 0.02 0.02374161073825487 0.024991610738255034
03 0.17313577586206896 0.483125 0.041228448275862056 0.01870689655172414
18 0.084375 0.755625 0.01624444444444445 0.01874444444444434
14 0.608125 0.30500000000000005 0.023738095238095225 0.029988095238095258
03 0.861875 0.7175 0.0212429775280899 0.01749297752808987
14 0.80125 0.659375 0.027495098039215682 0.021245098039215704
06 0.665 0.053125 0.022456896551724115 0.013706896551724149
03 0.545625 0.9275 0.03372844827586208 0.014978448275862144
06 0.3175 0.7906249999999999 0.014886363636363642 0.016136363636363726
