09 0.815625 0.945625 0.023733552631578836 0.026233552631578894
08 0.656875 0.233125 0.02374161073825487 0.05374161073825506
03 0.400625 0.8943749999999999 0.028706896551724093 0.02120689655172414
18 0.853125 0.110625 0.0212444444444444 0.023744444444444457
03 0.57375 0.530625 0.03998809523809532 0.023738095238095225
03 0.8231250000000001 0.808125 0.03374297752808986 0.026242977528089906
20 0.961875 0.41125 0.018745098039215757 0.017495098039215673
03 0.28248922413793104 0.85375 0.039978448275862055 0.0549568965517242
03 0.455 0.349375 0.029978448275862046 0.02372844827586207
12 0.699375 0.155625 0.061136363636363766 0.061136363636363655
