06 0.9081250000000001 0.895 0.11373355263157892 0.11498355263157889
03 0.51625 0.85375 0.04249161073825508 0.04749161073825492
13 0.906875 0.70625 0.07620689655172419 0.0649568965517241
06 0.6231249999999999 0.6975 0.12874444444444444 0.03499444444444433
09 0.809375 0.9456249999999999 0.07373809523809516 0.0662380952380951
10 0.2525 0.7737499999999999 0.03749297752808986 0.03749297752808978
09 0.405625 0.383125 0.05874509803921568 0.04874509803921567
18 0.14375 0.893125 0.02995689655172415 0.0337068965517241
06 0.536875 0.715625 0.11122844827586209 0.036228448275862246
06 0.193125 0.16875 0.09113636363636365 0.14488636363636365
11 0.9550000000000001 0.5275000000000001 0.04248579545454534 0.047485795454545454
03 0.409375 0.57125 0.05871951219512195 0.05246951219512197
11 0.690625 0.133125 0.04123214285714283 0.04873214285714288
03 0.503125 0.81125 0.14373749999999996 0.08748750000000005
