01 0.80875 0.075625 0.047483552631578885 0.02873355263157895
01 0.358125 0.913125 0.043741610738255055 0.031241610738254932
04 0.04875 0.265 0.057456896551724146 0.054956896551724116
10 0.6637500000000001 0.8868750000000001 0.027494444444444377 0.02874444444444435
06 0.7124999999999999 0.903125 0.03248809523809515 0.05373809523809514
13 0.10124999999999999 0.54125 0.06249297752808988 0.08749297752808988
03 0.143125 0.596875 0.02874509803921571 0.06624509803921563
01 0.38249999999999995 0.7193750000000001 0.02995689655172412 0.03120689655172415
01 0.8518749999999999 0.7293750000000001 0.09122844827586218 0.05872844827586221
13 0.6881250000000001 0.7368750000000001 0.21363636363636374 0.3036363636363637
