11 0.17125 0.18 0.017483552631578997 0.01998355263157897
07 0.286875 0.649375 0.006241610738255021 0.03374161073825499
10 0.803125 0.25375000000000003 0.026206896551724146 0.027456896551724147
18 0.97875 0.968125 0.01499444444444431 0.016244444444444284
02 0.74625 0.031875 0.02998809523809509 0.021238095238095236
08 0.7575000000000001 0.8987499999999999 0.009992977528089919 0.029992977528089937
03 0.62 0.123125 0.017495098039215673 0.028745098039215683
03 0.931239224137931 0.201875 0.024978448275862153 0.03370689655172415
02 0.539375 0.181875 0.028728448275862073 0.03372844827586205
18 0.8262499999999999 0.9575 0.012386363636363806 0.014886363636363753
