20 0.77 0.784375 0.03498355263157893 0.0362335526315789
01 0.07625000000000001 0.164375 0.02249161073825505 0.021241610738255035
15 0.458125 0.1175 0.03120689655172415 0.032456896551724124
10 0.385 0.963125 0.034994444444444495 0.026244444444444293
03 0.24874999999999997 0.81125 0.05248809523809525 0.08498809523809514
12 0.665625 0.675 0.03874297752808986 0.09249297752808994
20 0.330625 0.576875 0.031245098039215713 0.021245098039215704
14 0.23125 0.3825 0.04495689655172411 0.02745689655172412
03 0.74125 0.428125 0.042478448275862224 0.03622844827586208
03 0.4075 0.7581249999999999 0.034886363636363604 0.028636363636363682
12 0.24 0.2525 0.04248579545454545 0.047485795454545454
