11 0.496875 0.09625 0.018733552631578942 0.014983552631578939
02 0.36812500000000004 0.9212499999999999 0.018741610738255032 0.017491610738254892
19 0.90375 0.756875 0.012456896551724106 0.028706896551724093
08 0.794375 0.041249999999999995 0.016244444444444395 0.017494444444444444
01 0.130625 0.23125 0.011238095238095241 0.009988095238095268
15 0.711875 0.970625 0.011242977528089892 0.008742977528089835
03 0.39125 0.73375 0.022495098039215677 0.017495098039215673
06 0.9706250000000001 0.321875 0.02120689655172414 0.013706896551724135
10 0.5249999999999999 0.23375 0.014978448275862033 0.01497844827586206
20 0.8868750000000001 0.874375 0.01363636363636378 0.011136363636363722
09 0.9143749999999999 0.27625 0.016235795454545232 0.017485795454545427
08 0.629375 0.24562499999999998 0.023719512195121917 0.026219512195121947
