07 0.809375 0.2525 0.033733552631578845 0.13248355263157896
03 0.091875 0.8075 0.016241610738255058 0.08249161073825495
06 0.17 0.385 0.09245689655172414 0.1324568965517241
04 0.868125 0.085 0.05624444444444432 0.04499444444444445
03 0.510625 0.43562500000000004 0.041238095238095296 0.06623809523809526
03 0.40812499999999996 0.2675 0.041242977528089864 0.06749297752808983
03 0.938125 0.409375 0.02624509803921571 0.04374509803921567
11 0.6937500000000001 0.44 0.05245689655172414 0.04245689655172413
04 0.453125 0.057499999999999996 0.04122844827586203 0.039978448275862076
03 0.40437500000000004 0.5587500000000001 0.028636363636363626 0.09738636363636355
03 0.498125 0.11750000000000001 0.04623579545454548 0.04498579545454548
15 0.0725 0.87875 0.04996951219512194 0.07246951219512199
13 0.349375 0.06375 0.23123214285714286 0.03498214285714284
