03 0.184375 0.114375 0.013733552631578966 0.02123355263157893
20 0.8262499999999999 0.6525 0.034991610738254963 0.027491610738255012
11 0.43875 0.065625 0.027456896551724175 0.026206896551724146
18 0.80125 0.77875 0.019994444444444426 0.02249444444444426
20 0.05437500000000001 0.871875 0.028738095238095236 0.023738095238095114
03 0.36624999999999996 0.340625 0.014992977528089868 0.018742977528089844
03 0.9143749999999999 0.385625 0.026245098039215597 0.028745098039215655
20 0.639375 0.10750000000000001 0.023706896551724088 0.019956896551724126
15 0.61375 0.865625 0.022478448275862095 0.02372844827586218
06 0.704971590909091 0.058124999999999996 0.06744318181818187 0.10113636363636364
