09 0.486875 0.77625 0.026233552631578894 0.03248355263157898
08 0.3125 0.329375 0.012491610738254999 0.041241610738255
03 0.10625 0.895 0.08245689655172414 0.11245689655172408
03 0.84 0.21187499999999998 0.01499444444444431 0.03374444444444444
03 0.18000297619047617 0.578125 0.014994047619047629 0.02623809523809517
03 0.129375 0.1175 0.08124297752808989 0.10749297752808985
08 0.17875 0.54375 0.09499509803921569 0.012495098039215669
15 0.9768857758620689 0.8443750000000001 0.018728448275862064 0.011206896551724133
03 0.75125 0.735 0.024978448275862153 0.024978448275862153
11 0.068125 0.06812499999999999 0.02613636363636363 0.01613636363636363
03 0.9287535511363636 0.7012499999999999 0.032492897727272596 0.03248579545454533
01 0.5425 0.81375 0.014969512195121992 0.012469512195121935
