10 0.5825 0.71 0.03248355263157887 0.022483552631578863
05 0.5687500000000001 0.4875 0.03999161073825508 0.01999161073825506
04 0.8387500000000001 0.21625 0.032456896551724124 0.022456896551724115
03 0.14187499999999997 0.2375 0.09624444444444444 0.049994444444444425
08 0.09062500000000001 0.7975 0.01373809523809523 0.04998809523809511
03 0.080625 0.515 0.02874297752808988 0.07499297752808981
01 0.2575 0.49875 0.01999509803921573 0.01749509803921573
08 0.65625 0.65625 0.032456896551724235 0.022456896551724226
03 0.281875 0.940625 0.028728448275862073 0.028728448275862184
04 0.134375 0.886875 0.026136363636363624 0.02113636363636373
03 0.30937499999999996 0.37 0.038735795454545474 0.022485795454545432
15 0.38625 0.8868750000000001 0.04496951219512196 0.04621951219512199
