15 0.6425000000000001 0.715625 0.012483552631578854 0.051233552631578916
15 0.13125 0.749375 0.012491610738255055 0.021241610738254924
08 0.18312499999999998 0.5825 0.01870689655172411 0.02745689655172412
04 0.25875 0.268125 0.049994444444444425 0.031244444444444408
00 0.826875 0.905625 0.041238095238095074 0.03873809523809513
06 0.23875000000000002 0.336875 0.03999297752808986 0.01374297752808984
10 0.2175 0.680625 0.027495098039215682 0.031245098039215713
15 0.028750000000000005 0.420625 0.047456896551724144 0.03370689655172415
20 0.33125 0.495625 0.022478448275862095 0.018728448275862064
03 0.796875 0.8575 0.026136363636363846 0.05238636363636373
