20 0.11750000000000001 0.16000000000000003 0.019983552631578944 0.022483552631578946
06 0.12875 0.8687499999999999 0.027491610738255068 0.014991610738254946
05 0.6375 0.73 0.012456896551724106 0.02745689655172412
03 0.474375 0.036875 0.018744444444444508 0.023744444444444443
20 0.07125000000000001 0.593125 0.012488095238095229 0.01123809523809527
08 0.075625 0.46375 0.02874297752808988 0.014992977528089813
04 0.270625 0.8175 0.02374509803921565 0.02249509803921579
03 0.959375 0.416875 0.01370689655172419 0.011206896551724133
19 0.485625 0.45687500000000003 0.016228448275862062 0.02622844827586207
04 0.9212499999999999 0.24375000000000002 0.014886363636363753 0.019886363636363674
08 0.2375 0.054375 0.02248579545454546 0.018735795454545442
11 0.576875 0.9675 0.023719512195122028 0.019969512195121997
04 0.315 0.818125 0.022482142857142784 0.02123214285714292
