02 0.30937499999999996 0.5862499999999999 0.08373355263157894 0.04498355263157883
01 0.42874999999999996 0.623125 0.022491610738255063 0.01624161073825503
14 0.030625 0.44625000000000004 0.03620689655172414 0.054956896551724144
03 0.900625 0.3075 0.031244444444444408 0.042494444444444446
01 0.659375 0.503125 0.0612380952380952 0.0612380952380952
10 0.81375 0.12125 0.0474929775280899 0.044992977528089895
03 0.140625 0.795625 0.046245098039215685 0.02374509803921565
03 0.676875 0.295625 0.0387068965517241 0.041206896551724104
03 0.49125 0.8225 0.03497844827586205 0.04497844827586217
01 0.45375 0.064375 0.01738636363636359 0.011136363636363639
12 0.305625 0.616875 0.04623579545454548 0.05373579545454543
12 0.55125 0.383125 0.04496951219512191 0.05871951219512195
06 0.494375 0.14125 0.01873214285714281 0.08498214285714284
18 0.798125 0.631875 0.023737499999999967 0.026237500000000025
