07 0.3806291118421053 0.428125 0.023741776315789442 0.021233552631578945
04 0.8125 0.433125 0.022491610738254897 0.023741610738255037
03 0.84875 0.318125 0.019956896551724057 0.01870689655172414
06 0.6187513888888889 0.568125 0.03249722222222229 0.04624444444444453
08 0.6637500000000001 0.308125 0.019988095238095194 0.038738095238095294
09 0.48124999999999996 0.26249999999999996 0.019992977528089872 0.04749297752808984
11 0.733125 0.264375 0.02624509803921571 0.016245098039215644
08 0.633125 0.625 0.006206896551724128 0.014956896551724164
12 0.84125 0.56125 0.03747844827586222 0.05497844827586207
07 0.23125 0.10125 0.01488636363636367 0.032386363636363644
01 0.604375 0.036875 0.013735795454545396 0.013735795454545452
03 0.5625 0.72 0.012469512195121935 0.019969512195121997
10 0.042499999999999996 0.3325 0.022482142857142853 0.02248214285714284
03 0.580625 0.32437499999999997 0.018737499999999963 0.031237499999999974
