04 0.6756249999999999 0.244375 0.061233552631578925 0.043733552631578965
13 0.911875 0.761875 0.07624161073825486 0.09374161073825493
03 0.94875 0.890625 0.057456896551724146 0.0387068965517241
14 0.15187499999999998 0.435 0.07624444444444443 0.05249444444444451
08 0.6443749999999999 0.77875 0.03373809523809512 0.06498809523809512
01 0.499375 0.23375 0.0337429775280898 0.02749297752808985
12 0.22 0.42562500000000003 0.03999509803921569 0.041245098039215666
03 0.71375 0.139375 0.06245689655172404 0.053706896551724115
08 0.4925 0.221875 0.014978448275862033 0.026228448275862043
10 0.21437499999999998 0.36312500000000003 0.03613636363636366 0.023636363636363622
05 0.43937499999999996 0.299375 0.06623579545454544 0.03873579545454542
03 0.07500000000000001 0.59125 0.04246951219512195 0.04246951219512207
