09 0.888125 0.10250000000000001 0.03873355263157896 0.03498355263157894
10 0.44437499999999996 0.466875 0.033741610738255046 0.031241610738255043
03 0.87375 0.21 0.024956896551724173 0.034956896551724126
03 0.8843749999999999 0.095625 0.04874444444444437 0.04874444444444445
03 0.365625 0.906875 0.038738095238095294 0.01873809523809511
00 0.5700000000000001 0.24312499999999998 0.03749297752808978 0.02374297752808982
12 0.19 0.919375 0.042495098039215695 0.04124509803921572
20 0.476875 0.410625 0.0337068965517241 0.03370689655172415
15 0.578125 0.5037499999999999 0.053728448275861984 0.03497844827586205
03 0.6737500000000001 0.82375 0.04488636363636378 0.07238636363636375
08 0.15250000000000002 0.92 0.03248579545454547 0.027485795454545325
