05 0.431875 0.760625 0.08123355263157889 0.06873355263157888
08 0.7381249999999999 0.9275 0.0587416107382549 0.07499161073825489
07 0.244375 0.29500000000000004 0.09370689655172415 0.08745689655172412
04 0.3375 0.2575 0.05499444444444446 0.039994444444444444
04 0.723125 0.566875 0.048738095238095136 0.04373809523809524
20 0.11624999999999999 0.655 0.039992977528089876 0.03749297752808989
18 0.948125 0.834375 0.04374509803921578 0.046245098039215726
13 0.379989224137931 0.5725 0.22497844827586205 0.08995689655172412
07 0.73875 0.26625 0.049978448275862175 0.10997844827586209
08 0.724375 0.37 0.1886363636363636 0.14488636363636365
08 0.83 0.164375 0.08998579545454533 0.04373579545454548
20 0.58125 0.715625 0.027469512195121948 0.018719512195121912
