14 0.745625 0.734375 0.03873355263157885 0.03123355263157901
03 0.76375 0.7525 0.022491610738254897 0.06749161073825494
10 0.676885775862069 0.10500000000000001 0.02122844827586201 0.017456896551724124
04 0.57125 0.35624999999999996 0.029994444444444546 0.024994444444444486
07 0.15812500000000002 0.334375 0.06123809523809526 0.026238095238095227
01 0.47 0.923125 0.01249297752808981 0.011242977528089892
08 0.033125 0.06687499999999999 0.03374509803921569 0.018745098039215688
03 0.575 0.671875 0.022456896551724115 0.05120689655172406
18 0.51 0.38125 0.02247844827586204 0.024978448275862097
03 0.20375 0.164375 0.02738636363636368 0.02363636363636365
05 0.0475 0.413125 0.02998579545454546 0.026235795454545463
10 0.8775 0.64 0.027469512195121948 0.01746951219512205
