20 0.1975 0.829375 0.044983552631578966 0.04623355263157891
06 0.6487499999999999 0.571875 0.10749161073825497 0.013741610738255083
03 0.6975 0.535625 0.08495689655172411 0.08370689655172409
13 0.14187499999999997 0.84375 0.08374444444444443 0.11249444444444445
01 0.639375 0.41125 0.02873809523809523 0.02498809523809531
04 0.07125 0.8243750000000001 0.04499297752808989 0.043742977528089866
05 0.7068749999999999 0.301875 0.03374509803921566 0.04874509803921567
08 0.27936422413793105 0.450625 0.02372844827586207 0.023706896551724088
06 0.11937500000000001 0.370625 0.05872844827586206 0.02622844827586207
10 0.42375 0.085625 0.037386363636363606 0.023636363636363636
