03 0.9450000000000001 0.7481249999999999 0.039983552631578934 0.03873355263157896
01 0.7862499999999999 0.40125 0.0274916107382549 0.027491610738255012
20 0.19437500000000002 0.659375 0.021206896551724114 0.018706896551724195
20 0.8687499999999999 0.8443750000000001 0.027494444444444377 0.02874444444444435
12 0.58875 0.44875 0.03248809523809526 0.037488095238095265
04 0.81625 0.640625 0.02749297752808988 0.026242977528089906
03 0.406875 0.64875 0.04624509803921567 0.0474950980392157
20 0.548125 0.076875 0.028706896551724093 0.031206896551724136
12 0.21687499999999998 0.201875 0.038728448275862054 0.041228448275862084
12 0.950625 0.776875 0.051136363636363646 0.06613636363636377
07 0.975625 0.27437500000000004 0.008735795454545392 0.05373579545454549
03 0.473125 0.946875 0.038719512195121986 0.023719512195121917
