03 0.6893750000000001 0.955625 0.05873355263157898 0.043733552631578854
15 0.274375 0.05812500000000001 0.031241610738255043 0.05124161073825504
01 0.425 0.75 0.04745689655172414 0.03745689655172413
12 0.7762500000000001 0.269375 0.06999444444444436 0.06124444444444441
09 0.241875 0.465 0.05623809523809531 0.04248809523809527
12 0.046875 0.22375 0.05374297752808988 0.049992977528089844
08 0.8725 0.7737499999999999 0.022495098039215677 0.042495098039215695
04 0.8162499999999999 0.4375 0.04495689655172408 0.032456896551724124
03 0.959375 0.770625 0.021228448275862233 0.053728448275862206
03 0.729375 0.64375 0.061136363636363766 0.04488636363636367
01 0.8674999999999999 0.135625 0.019985795454545374 0.018735795454545456
