12 0.6737500000000001 0.3225 0.04248355263157888 0.042483552631578936
00 0.120625 0.441875 0.04624161073825503 0.04124161073825505
03 0.73375 0.39749999999999996 0.029956896551724066 0.07745689655172411
07 0.125625 0.295625 0.08374444444444444 0.08124444444444445
17 0.2825 0.393125 0.04498809523809527 0.04873809523809525
03 0.15187499999999998 0.66875 0.08374297752808987 0.08249297752808993
18 0.36312500000000003 0.301875 0.02874509803921571 0.031245098039215713
01 0.19 0.16625 0.03995689655172413 0.02745689655172412
20 0.039375 0.260625 0.02122844827586207 0.018728448275862064
08 0.173125 0.15875 0.06613636363636366 0.03238636363636366
