14 0.5331250000000001 0.8674999999999999 0.023733552631578836 0.05998355263157895
09 0.5225 0.7112499999999999 0.034991610738255075 0.024991610738254955
02 0.853135775862069 0.4425 0.016228448275862006 0.03995689655172413
02 0.034375 0.234375 0.016244444444444443 0.04374444444444445
03 0.35250000000000004 0.8087470238095238 0.022488095238095307 0.009994047619047652
07 0.849375 0.8175 0.023742977528089848 0.05999297752808985
08 0.263125 0.870623774509804 0.031245098039215713 0.021247549019607903
01 0.08625 0.415625 0.027456896551724133 0.021206896551724086
07 0.226875 0.913125 0.008728448275862055 0.036228448275862246
11 0.374375 0.9693750000000001 0.02113636363636362 0.016136363636363726
13 0.805625 0.38875000000000004 0.026235795454545352 0.017485795454545483
07 0.36312500000000003 0.6699999999999999 0.023719512195121972 0.022469512195122054
