11 0.91875 0.885625 0.01748355263157897 0.021233552631579
03 0.41375 0.8525 0.04499161073825508 0.034991610738254963
02 0.954375 0.9325 0.018706896551724084 0.014956896551724164
03 0.245625 0.306875 0.01624444444444445 0.026244444444444404
03 0.65375 0.6312500000000001 0.024988095238095087 0.017488095238095247
18 0.6031249999999999 0.490625 0.011242977528089892 0.013742977528089895
08 0.240625 0.11750000000000001 0.008745098039215693 0.0174950980392157
07 0.763125 0.43125 0.04120689655172416 0.03745689655172413
07 0.504375 0.2375 0.023728448275862013 0.029978448275862046
04 0.530625 0.0875 0.018636363636363562 0.019886363636363633
03 0.9293750000000001 0.334375 0.02623579545454524 0.02123579545454546
01 0.796875 0.315 0.013719512195121908 0.012469512195121935
14 0.19437500000000002 0.303125 0.02123214285714284 0.048732142857142835
05 0.6768749999999999 0.6993750000000001 0.016237500000000016 0.013737500000000069
