08 0.351875 0.975 0.018733552631578942 0.027483552631578867
03 0.16749999999999998 0.09062500000000001 0.029991610738255042 0.03374161073825503
18 0.27875 0.38625 0.01745689655172411 0.019956896551724113
03 0.114375 0.36375 0.058744444444444446 0.07499444444444453
07 0.58375 0.228125 0.024988095238095198 0.026238095238095283
14 0.7224999999999999 0.39749999999999996 0.02499297752808982 0.02249297752808982
13 0.47625000000000006 0.464375 0.07999509803921573 0.033745098039215715
04 0.7537499999999999 0.8418749999999999 0.022456896551724115 0.018706896551724195
07 0.213125 0.5 0.008728448275862055 0.049978448275862064
19 0.101875 0.510625 0.023636363636363636 0.03613636363636363
07 0.420625 0.764375 0.028735795454545465 0.0287357954545453
