02 0.415625 0.12687500000000002 0.018733552631578887 0.06373355263157895
15 0.784375 0.909375 0.046241610738254946 0.04374161073825489
08 0.625 0.544989224137931 0.0549568965517242 0.0274784482758621
04 0.776875 0.146875 0.033744444444444355 0.018744444444444452
03 0.019999999999999997 0.091875 0.019988095238095235 0.04123809523809524
03 0.971875 0.59875 0.03374297752808986 0.0474929775280899
20 0.661875 0.9137500000000001 0.013745098039215753 0.014995098039215615
12 0.275625 0.979375 0.04120689655172416 0.03120689655172404
19 0.135 0.210625 0.03247844827586206 0.03372844827586208
12 0.14125 0.6950000000000001 0.037386363636363634 0.05488636363636379
02 0.823125 0.376875 0.023735795454545405 0.031235795454545467
