03 0.16625 0.44 0.024983552631578976 0.04998355263157894
04 0.468125 0.8674999999999999 0.031241610738255043 0.0274916107382549
07 0.259375 0.711875 0.08120689655172414 0.07370689655172413
12 0.333125 0.7068736111111111 0.061244444444444435 0.05374722222222217
03 0.3125 0.5700000000000001 0.054988095238095225 0.047488095238095274
14 0.78375 0.506875 0.029992977528089937 0.053742977528089875
03 0.700625 0.13874999999999998 0.04124509803921572 0.044995098039215684
14 0.7250000000000001 0.0625 0.012456896551724106 0.05245689655172414
06 0.6475 0.23625000000000002 0.059978448275862184 0.09247844827586207
03 0.56625 0.219375 0.037386363636363606 0.03613636363636366
