20 0.8775 0.9475 0.022483552631578863 0.022483552631578974
06 0.10500000000000001 0.32 0.06999161073825505 0.04499161073825508
06 0.290625 0.47998922413793105 0.041206896551724104 0.03497844827586205
13 0.9043749999999999 0.51875 0.05624444444444443 0.05249444444444451
03 0.238125 0.39 0.008738095238095267 0.014988095238095245
07 0.33562499999999995 0.535625 0.031242977528089855 0.05874297752808988
14 0.21375 0.35562499999999997 0.022495098039215677 0.041245098039215666
03 0.309375 0.856875 0.03120689655172415 0.018706896551724195
04 0.681875 0.920625 0.02372844827586218 0.021228448275862233
05 0.801875 0.9456249999999999 0.02113636363636373 0.028636363636363682
17 0.25375000000000003 0.739375 0.0374857954545455 0.041235795454545254
14 0.58125 0.27125 0.01746951219512194 0.03496951219512201
