18 0.8200000000000001 0.0575 0.01748355263157897 0.019983552631578957
12 0.778125 0.884375 0.03374161073825499 0.04124161073825494
02 0.755625 0.785625 0.011206896551724133 0.036206896551724155
17 0.691875 0.813125 0.033744444444444355 0.0362444444444443
20 0.40249999999999997 0.06625 0.02748809523809531 0.01998809523809523
08 0.34750000000000003 0.064375 0.017492977528089815 0.04124297752808989
14 0.48375 0.6812499999999999 0.017495098039215673 0.05499509803921565
03 0.83375 0.275 0.032456896551724124 0.03995689655172413
03 0.7575000000000001 0.5406249999999999 0.014978448275862255 0.02372844827586207
03 0.619375 0.25125 0.04113636363636353 0.03738636363636366
