06 0.25625 0.5331250000000001 0.012483552631578965 0.04123355263157891
03 0.1575 0.665625 0.03999161073825502 0.031241610738254932
06 0.745625 0.06874999999999999 0.011206896551724133 0.02745689655172414
08 0.68875 0.27625 0.02499444444444432 0.017494444444444424
19 0.28125 0.9237500000000001 0.02498809523809531 0.024988095238095087
10 0.6681250000000001 0.6681250000000001 0.026242977528089795 0.023742977528089848
20 0.7975 0.485625 0.01999509803921562 0.013745098039215697
18 0.663125 0.33187500000000003 0.018706896551724195 0.021206896551724086
12 0.80625 0.07625000000000001 0.04497844827586217 0.06497844827586208
03 0.175625 0.40437500000000004 0.02613636363636368 0.056136363636363595
14 0.184375 0.313125 0.02373579545454549 0.03373579545454547
00 0.11249999999999999 0.04625 0.039969512195121945 0.027469512195121948
