12 0.138125 0.33999999999999997 0.04623355263157895 0.03748355263157893
12 0.9143749999999999 0.15875 0.056241610738254955 0.05749161073825504
19 0.708125 0.39375000000000004 0.03120689655172404 0.034956896551724126
03 0.5225 0.166875 0.04499444444444445 0.05624444444444443
06 0.246875 0.5543720238095238 0.07623809523809524 0.07374404761904763
11 0.22625 0.27125 0.03749297752808986 0.029992977528089826
03 0.5125 0.329375 0.03499509803921569 0.06874509803921569
03 0.573125 0.504375 0.03370689655172421 0.04870689655172411
19 0.9293750000000001 0.565 0.046228448275862255 0.02747844827586199
07 0.39937500000000004 0.955625 0.046136363636363587 0.016136363636363726
03 0.72 0.54 0.037485795454545334 0.05248579545454546
