03 0.855625 0.035625000000000004 0.023733552631578947 0.02873355263157895
07 0.82875 0.6000000000000001 0.032491610738254906 0.02999161073825507
14 0.49 0.82875 0.039956896551724075 0.024956896551724173
07 0.6768749999999999 0.38625 0.03874444444444436 0.022494444444444484
20 0.348125 0.37124999999999997 0.01123809523809527 0.012488095238095298
08 0.581875 0.30000000000000004 0.04124297752808981 0.04749297752808984
05 0.321875 0.7675000000000001 0.018745098039215702 0.042495098039215695
03 0.5725 0.7675000000000001 0.019956896551724057 0.019956896551724168
15 0.37187499999999996 0.105625 0.041228448275862084 0.02372844827586207
15 0.296875 0.355 0.043636363636363695 0.024886363636363595
