06 0.179375 0.725625 0.04873355263157897 0.018733552631578942
07 0.3175 0.1425 0.009991610738255052 0.06499161073825503
05 0.505 0.8943749999999999 0.019956896551724113 0.0337068965517241
01 0.38 0.256875 0.01749444444444448 0.016244444444444422
06 0.329375 0.165 0.0437380952380953 0.06998809523809524
03 0.778125 0.314375 0.0212429775280899 0.028742977528089853
01 0.251875 0.04 0.028745098039215683 0.017495098039215687
03 0.40625 0.5725 0.024956896551724173 0.03745689655172413
15 0.901875 0.813125 0.036228448275862135 0.01372844827586217
00 0.19187500000000002 0.11875 0.028636363636363654 0.024886363636363637
03 0.22875 0.8525 0.019985795454545457 0.034985795454545277
