02 0.48124999999999996 0.525625 0.027483552631578922 0.03873355263157885
02 0.5700000000000001 0.4825 0.017491610738255114 0.02999161073825507
03 0.146875 0.92875 0.016206896551724137 0.019956896551724168
20 0.34750000000000003 0.51 0.014994444444444477 0.01749444444444448
03 0.953125 0.9237500000000001 0.05123809523809508 0.019988095238095194
03 0.155625 0.21125 0.011242977528089865 0.02499297752808985
03 0.5700000000000001 0.7 0.032495098039215686 0.027495098039215682
08 0.40812499999999996 0.41375 0.023706896551724144 0.022456896551724115
02 0.720625 0.1275 0.011228448275862224 0.03747844827586207
14 0.968125 0.6875 0.0386363636363638 0.01738636363636381
05 0.07500000000000001 0.13 0.024985795454545448 0.012485795454545479
03 0.05500000000000001 0.6875 0.019969512195121948 0.019969512195121997
15 0.11812500000000001 0.071875 0.02623214285714287 0.016232142857142848
08 0.03375 0.5606249999999999 0.0224875 0.03873749999999998
