15 0.35625 0.5175000000000001 0.029983552631578925 0.04998355263157894
20 0.780625 0.175 0.031241610738254932 0.02749161073825504
13 0.113125 0.578125 0.03120689655172411 0.08370689655172403
14 0.328125 0.0875 0.04624444444444448 0.03249444444444445
03 0.434375 0.5606249999999999 0.09373809523809529 0.03873809523809524
05 0.9299999999999999 0.1925 0.03499297752808983 0.02499297752808985
07 0.84 0.42875 0.014995098039215726 0.052495098039215704
20 0.8725 0.81875 0.022456896551724115 0.02745689655172412
02 0.54375 0.26749999999999996 0.07747844827586203 0.03747844827586205
20 0.69875 0.589375 0.02738636363636371 0.02113636363636362
