06 0.10875 0.25062088815789474 0.08248355263157894 0.03624177631578948
20 0.6893750000000001 0.68625 0.01624161073825492 0.014991610738254946
15 0.259375 0.081875 0.04870689655172414 0.026206896551724132
04 0.34750000000000003 0.486875 0.024994444444444486 0.018744444444444452
03 0.033125 0.499375 0.021238095238095236 0.051238095238095305
13 0.9668749999999999 0.41812499999999997 0.053742977528089875 0.05624297752808988
03 0.6637500000000001 0.83375 0.024995098039215624 0.042495098039215695
14 0.27749999999999997 0.0275 0.027456896551724175 0.03245689655172414
15 0.955625 0.048125 0.026228448275862237 0.028728448275862066
04 0.87625 0.014374999999999999 0.022386363636363704 0.023636363636363636
06 0.53 0.933125 0.029985795454545494 0.07873579545454534
06 0.514375 0.973125 0.018719512195122023 0.05371951219512194
13 0.18312499999999998 0.395 0.11123214285714286 0.029982142857142846
