07 0.58875 0.43625 0.17498355263157883 0.014983552631578856
03 0.17375000000000002 0.31375 0.05749161073825507 0.029991610738255015
03 0.7575000000000001 0.8106249999999999 0.02495689655172406 0.02120689655172414
06 0.641875 0.730625 0.04874444444444448 0.043744444444444364
08 0.6599999999999999 0.816875 0.024988095238095087 0.031238095238095065
03 0.469375 0.06937499999999999 0.03874297752808986 0.05374297752808989
01 0.315625 0.0875 0.0162450980392157 0.017495098039215687
11 0.58375 0.569375 0.032456896551724124 0.02120689655172414
14 0.5387500000000001 0.083125 0.03497844827586205 0.02372844827586207
04 0.88 0.11499999999999999 0.029886363636363766 0.022386363636363635
08 0.7674964488636363 0.6425 0.052492897727272725 0.027485795454545325
