03 0.6799999999999999 0.805625 0.04998355263157894 0.06873355263157888
20 0.11374999999999999 0.9375 0.024991610738255052 0.017491610738255003
03 0.48812500000000003 0.733125 0.05620689655172417 0.06370689655172412
14 0.23562500000000003 0.6675 0.04624444444444445 0.03999444444444433
08 0.521875 0.515625 0.021238095238095278 0.01873809523809533
18 0.54375 0.28375 0.032492977528089884 0.03499297752808983
10 0.72875 0.47062499999999996 0.04499509803921575 0.02874509803921571
15 0.411875 0.6368750000000001 0.028706896551724093 0.06620689655172407
03 0.5 0.35562499999999997 0.10247844827586206 0.041228448275862084
03 0.406875 0.9225 0.031136363636363573 0.10738636363636367
06 0.4287535511363636 0.095 0.09999289772727277 0.03998579545454546
07 0.3775076219512195 0.631875 0.077484756097561 0.02871951219512192
03 0.11937500000000001 0.071875 0.06123214285714286 0.06373214285714285
