03 0.33375 0.23312500000000003 0.03748355263157893 0.053733552631579
02 0.635 0.388125 0.07249161073825505 0.023741610738255092
06 0.7949999999999999 0.801875 0.059956896551724204 0.03120689655172404
12 0.39437500000000003 0.065625 0.03624444444444447 0.03374444444444446
18 0.7 0.878125 0.017488095238095136 0.021238095238095167
02 0.6875 0.7168749999999999 0.0474929775280899 0.03374297752808986
02 0.5237499999999999 0.6675 0.017495098039215784 0.03749509803921569
06 0.49126077586206895 0.09874999999999999 0.03247844827586199 0.06995689655172413
10 0.5549999999999999 0.489375 0.024978448275862042 0.018728448275862064
10 0.32999999999999996 0.271875 0.02238636363636365 0.021136363636363675
