02 0.651875 0.518125 0.03873355263157885 0.03873355263157896
02 0.52875 0.5974999999999999 0.02999161073825507 0.02999161073825507
12 0.720625 0.441875 0.036206896551724155 0.05620689655172412
09 0.2675 0.21375 0.04249444444444442 0.049994444444444425
02 0.38125 0.23249999999999998 0.047488095238095274 0.047488095238095246
20 0.89625 0.334375 0.024992977528089932 0.021242977528089846
03 0.93625 0.59875 0.042495098039215695 0.024995098039215735
14 0.46499999999999997 0.09937499999999999 0.04745689655172408 0.031206896551724136
03 0.62 0.56875 0.012478448275861975 0.019978448275862037
03 0.239375 0.136875 0.026136363636363652 0.028636363636363626
06 0.9025000000000001 0.546875 0.012485795454545312 0.026235795454545574
14 0.633125 0.46375 0.04121951219512199 0.05996951219512198
