06 0.08125 0.626875 0.09498355263157895 0.016233552631578885
06 0.164375 0.815 0.011241610738255053 0.024991610738254955
13 0.5325 0.18312499999999998 0.03495689655172418 0.13370689655172413
00 0.7575000000000001 0.87625 0.02499444444444443 0.02499444444444432
03 0.3962470238095238 0.46875 0.022494047619047608 0.054988095238095225
14 0.31875 0.44 0.034992977528089886 0.02749297752808988
04 0.825625 0.755 0.021245098039215704 0.01999509803921562
03 0.32375 0.8712500000000001 0.034956896551724126 0.04495689655172408
10 0.82125 0.0325 0.029978448275862157 0.029978448275862067
00 0.02 0.8025 0.022386363636363635 0.02488636363636365
08 0.15125355113636363 0.28875 0.022492897727272726 0.0349857954545455
