03 0.85625 0.565 0.03748355263157899 0.03498355263157882
04 0.946875 0.753125 0.021241610738254924 0.013741610738254972
14 0.405 0.116875 0.02245689655172417 0.01870689655172414
06 0.06750138888888889 0.111875 0.022497222222222224 0.058744444444444446
13 0.746875 0.715625 0.028738095238095118 0.09373809523809518
09 0.9675 0.7618750000000001 0.022492977528089875 0.03374297752808986
03 0.8443750000000001 0.700625 0.031245098039215713 0.04374509803921567
18 0.484375 0.701875 0.01370689655172408 0.016206896551724137
10 0.7593749999999999 0.41625 0.01622844827586223 0.01747844827586209
06 0.84875 0.1 0.019886363636363757 0.024886363636363637
01 0.150625 0.18 0.01373579545454548 0.009985795454545476
