15 0.273125 0.828125 0.021233552631579 0.02873355263157884
20 0.6799999999999999 0.135625 0.01999161073825484 0.01624161073825503
03 0.249375 0.84375 0.03120689655172415 0.01745689655172411
03 0.7193750000000001 0.858125 0.04874444444444437 0.08124444444444434
06 0.733125 0.653125 0.021238095238095167 0.013738095238095105
14 0.031875 0.22999999999999998 0.00874297752808989 0.03499297752808986
18 0.71375 0.7537499999999999 0.017495098039215673 0.01999509803921573
03 0.56375 0.508125 0.029956896551724177 0.028706896551724148
12 0.360625 0.06625 0.028728448275862017 0.02997844827586206
06 0.23752840909090905 0.6656250000000001 0.042443181818181824 0.07113636363636366
13 0.8881214488636364 0.44 0.05124289772727264 0.037485795454545445
13 0.953125 0.074375 0.05621951219512189 0.041219512195121946
06 0.839375 0.808125 0.07623214285714286 0.053732142857142895
