08 0.705625 0.25687499999999996 0.04873355263157897 0.06623355263157898
03 0.34375 0.026249999999999996 0.0599916107382551 0.01999161073825503
15 0.052500000000000005 0.10374999999999998 0.017456896551724145 0.05245689655172413
07 0.10437500000000001 0.01875 0.05874444444444446 0.012494444444444445
03 0.7818750000000001 0.3825 0.013738095238095105 0.05248809523809528
10 0.021875 0.4825 0.02624297752808989 0.022492977528089875
07 0.7675000000000001 0.385 0.022495098039215677 0.022495098039215677
06 0.85375 0.348125 0.057456896551724146 0.04370689655172416
04 0.8968750000000001 0.350625 0.028728448275862184 0.028728448275862073
14 0.29125 0.806875 0.019886363636363646 0.018636363636363784
20 0.45125 0.6225 0.009985795454545476 0.012485795454545534
14 0.29125 0.825625 0.03246951219512195 0.023719512195122028
03 0.649375 0.763125 0.016232142857142806 0.036232142857142935
03 0.38625 0.7206250000000001 0.03998750000000001 0.016237500000000016
