07 0.8925000000000001 0.246875 0.009983552631578907 0.04873355263157897
06 0.691875 0.70875 0.008741610738254968 0.0899916107382549
13 0.26375000000000004 0.198125 0.05995689655172415 0.033706896551724125
06 0.5743763888888889 0.1925 0.05124722222222222 0.08499444444444446
03 0.329375 0.825625 0.021238095238095223 0.031238095238095176
18 0.30874999999999997 0.06625 0.02249297752808982 0.024992977528089884
14 0.78625 0.504375 0.02249509803921579 0.018745098039215702
04 0.5543750000000001 0.38 0.03120689655172415 0.022456896551724115
09 0.441875 0.51875 0.04372844827586203 0.04997844827586212
15 0.2025 0.5118750000000001 0.04738636363636364 0.03113636363636363
03 0.140625 0.22125 0.04873579545454547 0.03998579545454545
01 0.655 0.6675 0.029969512195122006 0.019969512195121997
