06 0.78375 0.40875 0.05248355263157889 0.03498355263157893
01 0.681875 0.563125 0.01624161073825492 0.01624161073825503
03 0.61375 0.530625 0.01745689655172411 0.028706896551724093
15 0.308125 0.8975 0.01624444444444445 0.06749444444444441
06 0.374375 0.513125 0.021238095238095278 0.013738095238095327
03 0.396875 0.485 0.03374297752808986 0.01749297752808987
01 0.571251225490196 0.617498774509804 0.00999754901960792 0.007497549019607863
12 0.27 0.405625 0.04995689655172411 0.05120689655172411
04 0.345 0.24125000000000002 0.024978448275862097 0.029978448275862074
08 0.935 0.315625 0.014886363636363753 0.04113636363636364
15 0.650625 0.27625 0.016235795454545343 0.037485795454545445
03 0.06812499999999999 0.104375 0.031219512195121937 0.011219512195121947
03 0.037500000000000006 0.2375 0.06498214285714286 0.02998214285714282
03 0.483125 0.35062499999999996 0.03373750000000003 0.03373750000000003
