11 0.26625 0.203125 0.022483552631578974 0.02873355263157895
03 0.4575 0.775625 0.012491610738255055 0.021241610738254924
06 0.278125 0.93625 0.02120689655172414 0.0649568965517241
02 0.599375 0.051250000000000004 0.031244444444444408 0.03999444444444445
11 0.188125 0.175625 0.028738095238095257 0.021238095238095278
03 0.6625 0.269375 0.09999297752808989 0.11124297752808984
20 0.20875 0.6125 0.012495098039215696 0.012495098039215669
03 0.31375 0.849375 0.03995689655172413 0.03120689655172404
11 0.900625 0.975625 0.021228448275862233 0.01622844827586223
08 0.828125 0.15375 0.033636363636363686 0.02238636363636365
