14 0.69 0.6000000000000001 0.0149835526315788 0.039983552631578934
15 0.17062709731543624 0.12937500000000002 0.033745805369127524 0.011241610738255053
04 0.35125 0.705625 0.019956896551724168 0.016206896551724026
07 0.42374999999999996 0.7849999999999999 0.05499444444444451 0.057494444444444404
18 0.66 0.915 0.017488095238095136 0.019988095238095194
09 0.125 0.333125 0.017492977528089884 0.028742977528089853
03 0.901875 0.549375 0.023745098039215762 0.031245098039215713
01 0.2025 0.185 0.01995689655172414 0.022456896551724115
03 0.1 0.6125 0.024978448275862056 0.032478448275862104
04 0.39125 0.2025 0.01738636363636359 0.019886363636363674
