14 0.18375 0.9081250000000001 0.03748355263157899 0.033733552631578845
01 0.44437499999999996 0.255625 0.043741610738255055 0.04124161073825505
03 0.6825 0.211875 0.019956896551724057 0.05870689655172412
06 0.62875 0.786875 0.01749444444444448 0.03874444444444436
06 0.615625 0.245 0.10623809523809524 0.014988095238095273
10 0.445 0.11124999999999999 0.03499297752808983 0.02499297752808989
08 0.24812499999999998 0.30062500000000003 0.0462450980392157 0.043745098039215724
18 0.0475 0.19437500000000002 0.02745689655172414 0.02870689655172412
18 0.96875 0.554375 0.024978448275862153 0.028728448275862073
10 0.37687499999999996 0.890625 0.023636363636363622 0.018636363636363784
03 0.9275 0.2075 0.029985795454545272 0.059985795454545465
06 0.199375 0.555625 0.02121951219512197 0.12871951219512195
03 0.18124999999999997 0.1225 0.059982142857142845 0.052482142857142866
