04 0.1725 0.455 0.032483552631578955 0.019983552631578916
03 0.73875 0.33999999999999997 0.03499161073825485 0.03249161073825507
15 0.073125 0.9475 0.02120689655172414 0.02745689655172412
03 0.29125 0.083125 0.05499444444444446 0.018744444444444452
10 0.5825 0.8981250000000001 0.03498809523809521 0.02623809523809506
03 0.52125 0.7206250000000001 0.06499297752808991 0.03374297752808986
02 0.36624999999999996 0.705625 0.07249509803921567 0.046245098039215615
04 0.6756249999999999 0.39125 0.03120689655172415 0.02745689655172412
06 0.5800000000000001 0.24812499999999998 0.09747844827586205 0.01372844827586206
15 0.85875 0.3625 0.05988636363636379 0.027386363636363598
07 0.099375 0.59625 0.048735795454545455 0.0349857954545455
03 0.505625 0.950625 0.038719512195121986 0.013719512195122019
