12 0.038125000000000006 0.7324999999999999 0.03873355263157895 0.04498355263157883
14 0.059375000000000004 0.6287499999999999 0.048741610738255045 0.052491610738255035
08 0.07375 0.28812499999999996 0.017456896551724138 0.041206896551724104
03 0.709375 0.32625000000000004 0.04624444444444431 0.034994444444444495
05 0.8943749999999999 0.6481250000000001 0.021238095238095167 0.041238095238095185
08 0.023751755617977526 0.11250000000000002 0.03999648876404494 0.029992977528089895
08 0.294375 0.946875 0.021245098039215704 0.05874509803921568
04 0.7731250000000001 0.37187499999999996 0.03870689655172421 0.023706896551724144
08 0.856875 0.87625 0.013728448275862282 0.05247844827586223
00 0.090625 0.188125 0.04113636363636364 0.041136363636363665
03 0.044375 0.838125 0.013735795454545452 0.03873579545454531
12 0.295625 0.780625 0.048719512195121994 0.07621951219512191
18 0.7875 0.73875 0.022482142857142895 0.02498214285714284
