18 0.32375 0.30999999999999994 0.019983552631578916 0.022483552631578918
11 0.83375 0.6125 0.03499161073825485 0.024991610738255066
07 0.30562500000000004 0.40437500000000004 0.01870689655172414 0.06120689655172412
08 0.765 0.07562500000000001 0.009994444444444417 0.04874444444444446
13 0.45687500000000003 0.09 0.08623809523809528 0.04498809523809523
12 0.52875 0.22312500000000002 0.027492977528089768 0.04624297752808984
12 0.8200000000000001 0.28625 0.02999509803921574 0.049995098039215646
03 0.7206250000000001 0.18875 0.02120689655172414 0.03995689655172413
11 0.284375 0.580625 0.03372844827586208 0.028728448275861962
07 0.2 0.61 0.029886363636363683 0.04488636363636367
08 0.9575 0.5118750000000001 0.027485795454545325 0.03623579545454547
03 0.438125 0.35 0.016219512195121966 0.034969512195121955
