11 0.31124999999999997 0.75 0.029983552631578925 0.02498355263157892
06 0.8206249999999999 0.655 0.03124161073825482 0.012491610738254888
01 0.231875 0.863125 0.02120689655172414 0.016206896551724137
01 0.2225 0.06999999999999999 0.027494444444444432 0.022494444444444428
02 0.213125 0.12562500000000001 0.04123809523809527 0.031238095238095245
01 0.2875 0.628125 0.019992977528089872 0.0212429775280899
19 0.7150000000000001 0.084375 0.022495098039215677 0.03874509803921569
01 0.306875 0.729375 0.01870689655172414 0.01370689655172419
13 0.31 0.910625 0.024978448275862042 0.1112284482758622
04 0.200625 0.984375 0.028636363636363682 0.02113636363636373
04 0.546875 0.9368749999999999 0.031235795454545467 0.021235795454545348
09 0.25375000000000003 0.04625 0.03996951219512196 0.04996951219512195
15 0.131875 0.17124999999999999 0.036232142857142866 0.03748214285714285
