11 0.27375 0.839375 0.05748355263157898 0.043733552631578965
20 0.73125 0.7475 0.034991610738254963 0.0274916107382549
01 0.5406249999999999 0.53 0.043706896551724106 0.04245689655172413
03 0.43562500000000004 0.855625 0.09624444444444452 0.05624444444444432
13 0.5774999999999999 0.101875 0.19998809523809513 0.12373809523809523
03 0.370625 0.290625 0.06374297752808983 0.058742977528089824
12 0.459375 0.453125 0.06374509803921569 0.06624509803921574
15 0.563760775862069 0.179375 0.05997844827586207 0.02870689655172412
02 0.8325 0.9 0.06747844827586214 0.07747844827586214
16 0.424375 0.556875 0.0586363636363636 0.08863636363636362
20 0.9275 0.6875 0.044985795454545396 0.03998579545454528
