17 0.496875 0.723125 0.02873355263157895 0.03873355263157885
07 0.856875 0.44 0.038741610738254884 0.06249161073825504
03 0.7587607758620689 0.978125 0.02747844827586199 0.028706896551724093
03 0.24375000000000002 0.20625 0.029994444444444462 0.027494444444444405
03 0.6443749999999999 0.448125 0.021238095238095167 0.03873809523809524
15 0.9512499999999999 0.6074999999999999 0.022492977528089875 0.04249297752808989
09 0.6937500000000001 0.299375 0.032495098039215686 0.028745098039215655
13 0.216875 0.186875 0.07620689655172413 0.023706896551724116
03 0.72125 0.29874999999999996 0.03497844827586227 0.017478448275862035
15 0.6925 0.7725 0.014886363636363642 0.019886363636363757
