03 0.558125 0.6993750000000001 0.08123355263157883 0.06373355263157887
03 0.0375 0.92875 0.04499161073825503 0.034991610738254963
03 0.73125 0.40812499999999996 0.032456896551724124 0.04620689655172411
19 0.685 0.663125 0.029994444444444324 0.033744444444444355
03 0.79375 0.938125 0.034988095238095096 0.03623809523809518
03 0.77 0.160625 0.03499297752808983 0.03874297752808986
06 0.14125 0.478125 0.019995098039215703 0.033745098039215715
09 0.645625 0.7025 0.0237068965517242 0.029956896551724066
11 0.173125 0.233125 0.028728448275862073 0.021228448275862066
03 0.834375 0.84125 0.018636363636363784 0.019886363636363646
20 0.583125 0.9275 0.023735795454545405 0.019985795454545263
