03 0.280625 0.7887500000000001 0.02623355263157895 0.02498355263157881
09 0.24312499999999998 0.6537499999999999 0.03624161073825502 0.042491610738254915
04 0.305 0.865 0.032456896551724124 0.022456896551724115
08 0.5743750000000001 0.160625 0.013744444444444448 0.06624444444444444
03 0.9125 0.499375 0.017488095238095136 0.03373809523809529
15 0.270625 0.82375 0.043742977528089866 0.0624929775280898
14 0.40125 0.938125 0.032495098039215686 0.046245098039215726
15 0.315625 0.930625 0.026206896551724146 0.016206896551724137
01 0.48 0.483125 0.03497844827586205 0.031228448275862075
03 0.495625 0.1875 0.023636363636363622 0.039886363636363664
03 0.7793749999999999 0.19437500000000002 0.03623579545454525 0.048735795454545455
05 0.808125 0.28312499999999996 0.02121951219512197 0.04371951219512199
