04 0.045 0.76875 0.04248355263157895 0.029983552631578925
12 0.40875 0.815625 0.02999161073825507 0.03374161073825499
04 0.6637500000000001 0.10125 0.03495689655172407 0.019956896551724126
04 0.9143749999999999 0.71375 0.03624444444444441 0.019994444444444426
08 0.295 0.38187499999999996 0.017488095238095247 0.05373809523809531
05 0.15999999999999998 0.1275 0.022492977528089847 0.044992977528089895
11 0.155 0.22875 0.032495098039215686 0.027495098039215682
09 0.078125 0.09812499999999999 0.05870689655172413 0.051206896551724126
03 0.81625 0.713125 0.05247844827586223 0.03122844827586224
20 0.7887500000000001 0.41374999999999995 0.0173863636363637 0.014886363636363587
18 0.348125 0.46062499999999995 0.02123579545454546 0.02373579545454546
