06 0.19874999999999998 0.59375 0.06248355263157898 0.07998355263157886
03 0.37312500000000004 0.296875 0.09624161073825505 0.031241610738255043
00 0.458125 0.19687500000000002 0.0337068965517241 0.031206896551724123
03 0.758126388888889 0.7425 0.038747222222222155 0.012494444444444364
18 0.863125 0.923125 0.02623809523809517 0.028738095238095118
09 0.28187675561797754 0.27812499999999996 0.04874648876404497 0.03624297752808986
03 0.8425 0.408125 0.03999509803921564 0.0837450980392157
02 0.184375 0.48062499999999997 0.01620689655172411 0.10620689655172416
03 0.5325 0.650625 0.03497844827586205 0.046228448275862144
03 0.7437499999999999 0.30000000000000004 0.02738636363636371 0.02238636363636365
06 0.41125 0.658125 0.029985795454545494 0.026235795454545352
14 0.47562499999999996 0.7575000000000001 0.08371951219512191 0.019969512195121886
