03 0.18562499999999998 0.365 0.026233552631578977 0.022483552631578918
03 0.46687500000000004 0.94625 0.02874161073825504 0.04499161073825497
02 0.905625 0.683125 0.1012068965517241 0.0387068965517241
02 0.208125 0.210625 0.03374444444444441 0.04374444444444442
03 0.8431249999999999 0.6681250000000001 0.04373809523809513 0.04623809523809508
09 0.706875 0.45625000000000004 0.04124297752808981 0.04249297752808984
06 0.615625 0.670625 0.10124509803921566 0.03374509803921566
03 0.6775 0.2225 0.029956896551724066 0.02745689655172412
13 0.4625 0.433125 0.11747844827586201 0.11622844827586204
12 0.643125 0.51125 0.04113636363636364 0.03988636363636355
18 0.791875 0.50375 0.01873579545454529 0.022485795454545487
07 0.19 0.8162499999999999 0.04496951219512196 0.04496951219512202
03 0.56375 0.8525 0.01748214285714278 0.057482142857142815
