03 0.55125 0.97375 0.029983552631578925 0.019983552631578805
20 0.41874999999999996 0.11374999999999999 0.01749161073825506 0.01249161073825504
15 0.755 0.90375 0.022456896551724226 0.029956896551724177
12 0.7962499999999999 0.733125 0.027494444444444377 0.043744444444444364
15 0.608125 0.5387500000000001 0.01873809523809522 0.019988095238095194
18 0.29875 0.9475 0.012492977528089866 0.014992977528089924
08 0.721875 0.464375 0.02374509803921565 0.023745098039215706
01 0.375625 0.955625 0.013706896551724135 0.01370689655172408
03 0.839375 0.526875 0.018728448275862175 0.011228448275862002
07 0.04684659090909091 0.1975 0.05619318181818181 0.06738636363636366
20 0.148125 0.8175 0.011235795454545477 0.012485795454545423
