03 0.550625 0.116875 0.04623355263157891 0.08373355263157896
18 0.260625 0.869375 0.04124161073825505 0.04374161073825489
03 0.675 0.281875 0.11995689655172415 0.04870689655172411
01 0.36812500000000004 0.7793749999999999 0.06124444444444449 0.03874444444444436
03 0.254375 0.32999999999999996 0.07123809523809527 0.03998809523809527
08 0.41625 0.37812500000000004 0.08499297752808987 0.03624297752808986
02 0.48 0.176875 0.10249509803921564 0.1037450980392157
03 0.405 0.27749999999999997 0.062456896551724095 0.05995689655172415
06 0.9100053879310345 0.224375 0.13748922413793108 0.0837284482758621
03 0.30624999999999997 0.770625 0.1298863636363636 0.11113636363636381
06 0.14875 0.115 0.17748579545454546 0.07248579545454545
15 0.893125 0.245 0.053719512195122054 0.10746951219512199
20 0.14437499999999998 0.43125 0.038732142857142854 0.03748214285714285
