14 0.7693749999999999 0.935 0.02873355263157895 0.03748355263157899
06 0.76125 0.07375000000000001 0.014991610738254835 0.07999161073825503
10 0.61625 0.04000000000000001 0.019956896551724168 0.014956896551724143
05 0.95875 0.875625 0.01499444444444431 0.033744444444444355
03 0.670625 0.23625 0.016238095238095163 0.04498809523809527
12 0.16249999999999998 0.07875 0.03499297752808986 0.03999297752808989
03 0.11124999999999999 0.67375 0.047495098039215686 0.03749509803921569
04 0.9525 0.364375 0.024956896551724173 0.02120689655172414
20 0.328125 0.306875 0.016228448275862117 0.018728448275862064
06 0.9056249999999999 0.10250000000000001 0.09863636363636374 0.009886363636363624
02 0.095625 0.250625 0.028735795454545465 0.03373579545454547
07 0.29563262195121953 0.20625 0.06123475609756096 0.04496951219512199
03 0.113125 0.6474955357142858 0.018732142857142864 0.014991071428571368
