20 0.385 0.445 0.039983552631578934 0.039983552631578934
01 0.769375 0.935 0.03374161073825488 0.032491610738254906
07 0.624375 0.931875 0.01370689655172419 0.05870689655172412
20 0.514375 0.289375 0.038744444444444526 0.031244444444444408
03 0.33625 0.048125 0.06498809523809523 0.036238095238095236
00 0.36375 0.9524999999999999 0.03249297752808983 0.03499297752808983
10 0.660623774509804 0.8343750000000001 0.02374754901960785 0.021245098039215704
03 0.6056250000000001 0.9081250000000001 0.0337068965517241 0.03120689655172415
03 0.203125 0.8106249999999999 0.03372844827586208 0.028728448275862184
15 0.340625 0.29000000000000004 0.03113636363636363 0.03238636363636366
