08 0.621875 0.973125 0.026233552631578894 0.016233552631578885
17 0.34875 0.691875 0.024991610738255066 0.031241610738254932
04 0.37875000000000003 0.321875 0.02245689655172417 0.016206896551724137
20 0.95 0.38375000000000004 0.017494444444444368 0.01249444444444453
02 0.896875 0.92125 0.06123809523809509 0.04998809523809511
03 0.5225 0.1525 0.02499297752808982 0.06999297752808988
03 0.28437500000000004 0.203125 0.02874509803921571 0.041245098039215666
08 0.44686422413793103 0.195625 0.03872844827586208 0.02870689655172412
12 0.344375 0.434375 0.041228448275862084 0.03872844827586208
12 0.8174715909090909 0.9299999999999999 0.06494318181818182 0.04988636363636367
04 0.89375 0.26249999999999996 0.034985795454545277 0.022485795454545487
07 0.55875 0.79625 0.05246951219512197 0.09496951219512195
