02 0.7075 0.56 0.029983552631578925 0.07498355263157885
18 0.314375 0.854375 0.02624161073825504 0.028741610738254986
06 0.2825 0.080625 0.10245689655172413 0.09370689655172415
06 0.700625 0.30562500000000004 0.0787444444444444 0.013744444444444393
07 0.793125 0.6012500000000001 0.058738095238095145 0.02498809523809531
05 0.70375 0.88625 0.029992977528089826 0.03499297752808983
04 0.860625 0.8518749999999999 0.031245098039215713 0.036245098039215606
02 0.483125 0.2175 0.08870689655172415 0.054956896551724144
07 0.03249461206896552 0.18125000000000002 0.03998922413793103 0.017478448275862063
01 0.49812500000000004 0.203125 0.018636363636363618 0.021136363636363675
