03 0.634375 0.9412499999999999 0.03873355263157885 0.019983552631578916
01 0.70625 0.48124999999999996 0.024991610738254955 0.022491610738255063
03 0.53625 0.073125 0.019956896551724057 0.038706896551724136
03 0.60875 0.923125 0.029994444444444435 0.0212444444444444
16 0.8525 0.2125 0.02998809523809509 0.024988095238095254
06 0.45499999999999996 0.575625 0.024992977528089877 0.07624297752808984
20 0.0425 0.709375 0.014995098039215685 0.018745098039215646
12 0.065 0.795625 0.02995689655172415 0.0337068965517241
03 0.01749461206896552 0.63 0.03248922413793104 0.014978448275862144
04 0.96375 0.946875 0.02738636363636382 0.023636363636363678
