14 0.4625 0.8625 0.027483552631578922 0.01748355263157897
02 0.729375 0.40437500000000004 0.07874161073825481 0.043741610738255055
11 0.14125 0.534375 0.027456896551724147 0.028706896551724204
02 0.1687486111111111 0.864375 0.044997222222222216 0.061244444444444435
20 0.295 0.8925000000000001 0.03248809523809526 0.034988095238095096
03 0.5318732443820224 0.605 0.06374648876404487 0.04249297752808978
06 0.3337512254901961 0.861875 0.13499754901960787 0.021245098039215704
03 0.49125 0.228125 0.09245689655172418 0.04620689655172411
20 0.49687499999999996 0.8143750000000001 0.02622844827586207 0.026228448275862237
01 0.245 0.5543750000000001 0.02488636363636365 0.023636363636363567
03 0.49124999999999996 0.32437499999999997 0.027485795454545492 0.07623579545454545
05 0.515625 0.15125 0.02121951219512197 0.04746951219512194
07 0.4818794642857143 0.10625 0.08374107142857146 0.07498214285714286
