06 0.325625 0.865625 0.05623355263157892 0.05873355263157887
03 0.6231249999999999 0.65125 0.046241610738254946 0.03749161073825502
15 0.46875 0.579375 0.04245689655172413 0.023706896551724088
01 0.3375 0.6775 0.01999444444444448 0.022494444444444373
15 0.5393749999999999 0.6025 0.01873809523809522 0.02248809523809525
02 0.691875 0.52625 0.026242977528089906 0.022492977528089764
06 0.388125 0.201875 0.02374509803921565 0.02624509803921571
16 0.6425000000000001 0.22 0.029956896551724177 0.034956896551724126
12 0.048125 0.7250000000000001 0.04122844827586207 0.06747844827586225
12 0.6375000000000001 0.370625 0.04488636363636367 0.0586363636363636
04 0.7849999999999999 0.14 0.029985795454545383 0.02248579545454546
05 0.588125 0.71 0.03871951219512204 0.022469512195121943
