01 0.1 0.11249999999999999 0.027483552631578936 0.024983552631578934
14 0.666875 0.71625 0.021241610738254924 0.049991610738254866
11 0.118125 0.5231250000000001 0.03620689655172413 0.026206896551724035
06 0.1275 0.278125 0.024994444444444444 0.14624444444444448
06 0.8425 0.948125 0.06748809523809518 0.06873809523809515
06 0.20875 0.7737499999999999 0.06999297752808986 0.019992977528089928
14 0.11125000000000002 0.07625 0.0324950980392157 0.049995098039215695
03 0.3025 0.50875 0.044956896551724135 0.027456896551724175
03 0.7275 0.34375 0.02747844827586221 0.029978448275862046
04 0.6925 0.80625 0.03238636363636371 0.022386363636363704
05 0.42000000000000004 0.36624999999999996 0.022485795454545487 0.049985795454545456
18 0.6799999999999999 0.5375 0.027469512195121948 0.029969512195122006
