08 0.19 0.5825 0.009983552631578962 0.04498355263157894
02 0.8943749999999999 0.7518750000000001 0.008741610738254857 0.028741610738254875
20 0.858125 0.5125 0.023706896551724088 0.022456896551724115
02 0.324375 0.5475000000000001 0.013744444444444448 0.012494444444444475
01 0.76125 0.365 0.02248809523809514 0.012488095238095243
03 0.124375 0.49375 0.023742977528089876 0.01749297752808987
05 0.315625 0.863125 0.02624509803921571 0.0162450980392157
03 0.28374999999999995 0.935 0.03995689655172413 0.029956896551724177
20 0.42625 0.90625 0.017478448275862035 0.01997844827586226
04 0.31125 0.9237500000000001 0.017386363636363644 0.014886363636363753
00 0.5193749999999999 0.48812500000000003 0.016235795454545454 0.01623579545454551
03 0.956875 0.36187499999999995 0.011219512195121961 0.028719512195121977
