03 0.974375 0.295625 0.026233552631578894 0.023733552631579002
03 0.78625 0.12312500000000001 0.024991610738254844 0.026241610738255053
18 0.36250000000000004 0.05625000000000001 0.019956896551724113 0.02245689655172415
04 0.685 0.734375 0.03249444444444427 0.02874444444444446
10 0.1525 0.445 0.02248809523809525 0.02498809523809531
12 0.129375 0.891875 0.028742977528089894 0.05624297752808982
14 0.798125 0.3025 0.038745098039215664 0.027495098039215682
03 0.34375 0.77875 0.02745689655172412 0.06995689655172421
08 0.620625 0.9724999999999999 0.016228448275862117 0.049978448275862175
03 0.50625 0.5725 0.02238636363636365 0.0323863636363636
03 0.51125 0.205625 0.02498579545454549 0.04623579545454548
07 0.3800076219512195 0.6925 0.029984756097561016 0.009969512195121988
