03 0.51125 0.2825 0.03248355263157893 0.02998355263157898
06 0.238125 0.34875 0.07374161073825508 0.04749161073825503
03 0.753125 0.115625 0.026206896551724146 0.03620689655172411
07 0.808125 0.29375 0.023744444444444346 0.047494444444444395
15 0.5425 0.48125 0.019988095238095305 0.02248809523809525
19 0.051875000000000004 0.5700000000000001 0.03124297752808989 0.02499297752808982
03 0.4 0.50375 0.01749509803921573 0.019995098039215675
15 0.22812500000000002 0.6325000000000001 0.031206896551724123 0.022456896551724115
03 0.84875 0.251875 0.03497844827586216 0.043728448275862086
14 0.9762500000000001 0.42375 0.02738636363636371 0.037386363636363606
14 0.5725 0.8812500000000001 0.019985795454545485 0.0649857954545453
20 0.248125 0.63625 0.03371951219512198 0.03496951219512201
03 0.8374999999999999 0.195625 0.03248214285714279 0.02123214285714284
03 0.67625 0.694375 0.04498749999999996 0.0587375
