06 0.06375 0.17562499999999998 0.04248355263157895 0.01873355263157897
01 0.148125 0.18125 0.01874161073825506 0.014991610738255057
19 0.416875 0.195 0.0387068965517241 0.03745689655172413
11 0.24 0.7 0.029994444444444435 0.027494444444444377
10 0.715625 0.578125 0.028738095238095118 0.02873809523809534
08 0.5875 0.018125000000000002 0.009992977528089808 0.03124297752808989
05 0.17000122549019608 0.408125 0.04249754901960784 0.021245098039215704
08 0.244375 0.41374999999999995 0.01870689655172411 0.024956896551724117
10 0.796875 0.1325 0.016228448275862117 0.017478448275862063
18 0.37687499999999996 0.39625 0.031136363636363573 0.0323863636363636
08 0.20687144886363637 0.420625 0.043742897727272745 0.02623579545454552
02 0.423125 0.26625 0.053719512195122 0.08246951219512197
03 0.72875 0.050624999999999996 0.022482142857142895 0.023732142857142854
