02 0.31375 0.6575 0.062483552631578954 0.0674835526315789
14 0.34375 0.38625 0.02999161073825507 0.06999161073825505
06 0.6581250000000001 0.431875 0.04120689655172416 0.07370689655172413
03 0.5375 0.818125 0.05999444444444446 0.016244444444444284
03 0.8206249999999999 0.15250000000000002 0.05373809523809514 0.044988095238095244
03 0.484375 0.1325 0.026242977528089906 0.029992977528089895
03 0.48 0.07125000000000001 0.05249509803921576 0.05499509803921569
05 0.963135775862069 0.43374999999999997 0.04122844827586203 0.027456896551724175
12 0.869375 0.441875 0.0437284482758622 0.04622844827586209
20 0.87625 0.925 0.03488636363636377 0.032386363636363824
03 0.5700000000000001 0.899375 0.019985795454545374 0.07873579545454534
