02 0.246875 0.8587499999999999 0.06373355263157898 0.029983552631578925
09 0.115 0.22625 0.04249161073825505 0.03499161073825505
10 0.579364224137931 0.081875 0.028728448275862073 0.021206896551724128
14 0.55625 0.31125 0.027494444444444488 0.039994444444444444
14 0.436875 0.975 0.016238095238095274 0.027488095238095145
08 0.01125 0.586875 0.019992977528089886 0.053742977528089875
05 0.799375 0.2125 0.026245098039215597 0.0449950980392157
03 0.18562499999999998 0.18375 0.026206896551724118 0.02745689655172412
02 0.6681250000000001 0.6187446120689655 0.05872844827586221 0.022489224137930974
06 0.44499999999999995 0.4593465909090909 0.0298863636363636 0.0161931818181818
