12 0.21437499999999998 0.624375 0.023733552631578975 0.043733552631578965
07 0.654375 0.5225 0.011241610738254915 0.03249161073825502
10 0.11812500000000001 0.07625 0.016206896551724137 0.014956896551724136
18 0.964375 0.4 0.013744444444444337 0.017494444444444535
03 0.49375 0.855 0.019988095238095305 0.01498809523809519
03 0.606875 0.78125 0.011242977528089892 0.02749297752808988
14 0.22312500000000002 0.25312500000000004 0.018745098039215674 0.018745098039215702
06 0.853114224137931 0.396875 0.028728448275862073 0.07870689655172414
00 0.9237500000000001 0.8775 0.014978448275862255 0.0174784482758622
06 0.8675 0.70875 0.009886363636363749 0.019886363636363757
13 0.32437499999999997 0.495 0.02373579545454546 0.06748579545454553
08 0.346875 0.195625 0.03121951219512198 0.013719512195121991
