04 0.84125 0.5643750000000001 0.022483552631578863 0.018733552631578942
10 0.249375 0.9225000000000001 0.021241610738255062 0.017491610738254892
06 0.8981250000000001 0.9075 0.036206896551724044 0.0649568965517241
14 0.516875 0.855 0.03624444444444447 0.029994444444444324
05 0.964375 0.7825 0.01873809523809511 0.034988095238095096
07 0.39749824438202247 0.360625 0.024996488764044922 0.028742977528089853
04 0.316875 0.48812500000000003 0.031245098039215657 0.023745098039215706
06 0.9125000000000001 0.911875 0.019956896551724168 0.008706896551724075
09 0.47625 0.60625 0.03497844827586205 0.037478448275862
06 0.18 0.18875 0.049886363636363645 0.08488636363636365
06 0.764375 0.798125 0.006235795454545334 0.026235795454545352
03 0.6799999999999999 0.861875 0.014969512195121992 0.03121951219512198
01 0.17875 0.47624999999999995 0.017482142857142835 0.017482142857142835
