14 0.8500000000000001 0.40625 0.05248355263157889 0.0674835526315789
20 0.8356250000000001 0.22562500000000002 0.03124161073825482 0.021241610738255062
13 0.641875 0.375625 0.08120689655172408 0.08120689655172414
10 0.06 0.250625 0.03499444444444444 0.031244444444444408
18 0.28500000000000003 0.079375 0.02748809523809531 0.03123809523809523
03 0.43437499999999996 0.45375 0.021242977528089846 0.1174929775280899
03 0.21875 0.241875 0.0774950980392157 0.028745098039215683
03 0.72125 0.9575 0.057456896551724035 0.049956896551724084
08 0.5943750000000001 0.799375 0.01372844827586206 0.0487284482758622
14 0.68875 0.4 0.04238636363636372 0.0298863636363636
01 0.879375 0.333125 0.026235795454545352 0.028735795454545465
00 0.96375 0.78375 0.0349695121951219 0.03746951219512196
