03 0.3825 0.885 0.03248355263157887 0.04248355263157899
20 0.73625 0.3525 0.022491610738254897 0.01999161073825506
09 0.380625 0.900625 0.01870689655172414 0.04870689655172411
20 0.639375 0.865625 0.016244444444444395 0.013744444444444337
14 0.583125 0.6925 0.023738095238095225 0.02248809523809503
00 0.719375 0.47250000000000003 0.026242977528089906 0.024992977528089877
03 0.04250122549019608 0.8631249999999999 0.017497549019607837 0.02374509803921565
03 0.644375 0.5475 0.028706896551724093 0.04745689655172414
04 0.4875 0.5587500000000001 0.022478448275862095 0.022478448275862095
00 0.165 0.67625 0.014886363636363642 0.01738636363636381
