00 0.910625 0.39625 0.01873355263157883 0.014983552631578911
03 0.766875 0.2125 0.021241610738254924 0.01999161073825506
10 0.880625 0.37812500000000004 0.0237068965517242 0.01870689655172414
03 0.74125 0.09625 0.06999444444444436 0.08249444444444447
06 0.31 0.9137500000000001 0.06248809523809529 0.034988095238095096
02 0.305 0.459375 0.039992977528089835 0.03374297752808986
07 0.899375 0.6075 0.008745098039215748 0.027495098039215682
03 0.4825 0.31061422413793105 0.04245689655172413 0.028728448275862073
14 0.034375 0.905625 0.04622844827586207 0.02372844827586218
06 0.19937500000000002 0.310625 0.08863636363636365 0.008636363636363664
13 0.596875 0.6925 0.07623579545454551 0.02498579545454538
03 0.695625 0.48124999999999996 0.02121951219512197 0.04996951219512197
03 0.065 0.86375 0.022482142857142846 0.05998214285714276
03 0.43062500000000004 0.2525 0.00873750000000001 0.024987500000000024
