12 0.505625 0.919375 0.0337335526315789 0.06373355263157887
06 0.5350020973154362 0.423125 0.12499580536912758 0.008741610738255023
01 0.6243749999999999 0.5331250000000001 0.03120689655172415 0.023706896551724088
00 0.7975 0.479375 0.037494444444444275 0.036244444444444524
06 0.8225 0.245 0.08499999999999996 0.03498809523809529
14 0.428125 0.078125 0.05124297752808987 0.026242977528089878
10 0.385 0.87875 0.03499509803921569 0.024995098039215735
06 0.8656250000000001 0.7262500000000001 0.03120689655172415 0.0649568965517241
09 0.669375 0.785 0.028728448275862184 0.032478448275862215
06 0.306875 0.47875 0.056136363636363595 0.06488636363636363
08 0.6399999999999999 0.84 0.01498579545454548 0.01498579545454537
