00 0.74375 0.82375 0.08998355263157887 0.06498355263157896
14 0.401875 0.19375 0.14624161073825503 0.07249161073825505
19 0.721875 0.323125 0.1062068965517241 0.08620689655172409
07 0.78125 0.608125 0.16249444444444427 0.06374444444444449
06 0.21250297619047617 0.40625 0.04999404761904763 0.22998809523809527
13 0.21 0.3275 0.1074929775280899 0.19999297752808987
07 0.7475 0.24375 0.03749509803921569 0.20249509803921567
04 0.5231250000000001 0.36375 0.07120689655172419 0.0674568965517241
10 0.66 0.07499999999999998 0.08747844827586215 0.07247844827586206
10 0.568125 0.48750000000000004 0.07613636363636367 0.04738636363636367
