15 0.35875 0.63375 0.12498355263157895 0.057483552631578894
03 0.450625 0.408125 0.08624161073825509 0.12374161073825507
12 0.4325 0.9056249999999999 0.08245689655172417 0.12620689655172412
03 0.32125000000000004 0.55375 0.13749444444444447 0.05999444444444446
04 0.849375 0.059375 0.06623809523809521 0.03623809523809523
08 0.6187499999999999 0.774375 0.10749297752808984 0.053742977528089875
04 0.155 0.315625 0.0674950980392157 0.038745098039215664
08 0.445 0.885625 0.07245689655172416 0.05870689655172412
03 0.565625 0.199375 0.1262284482758621 0.02622844827586207
03 0.543125 0.4425 0.08863636363636357 0.07238636363636364
03 0.5 0.929375 0.0374857954545455 0.048735795454545316
04 0.1525 0.7718750000000001 0.05746951219512196 0.04621951219512199
07 0.8443750000000001 0.78125 0.07123214285714285 0.04498214285714286
08 0.055 0.308125 0.1049875 0.03373750000000003
