03 0.8474999999999999 0.845 0.039983552631578934 0.017483552631578858
03 0.9106270973154362 0.050625 0.02874580536912752 0.013741610738255035
03 0.7075 0.5843750000000001 0.029956896551724066 0.023706896551724088
11 0.8612500000000001 0.15749999999999997 0.019994444444444315 0.019994444444444454
06 0.3018779761904762 0.099375 0.05124404761904766 0.03123809523809523
03 0.61875 0.81125 0.01749297752808987 0.01749297752808987
18 0.953125 0.840625 0.013745098039215753 0.0162450980392157
08 0.15812500000000002 0.0325 0.031206896551724123 0.022456896551724143
03 0.018750000000000003 0.7262500000000001 0.014978448275862071 0.01997844827586215
03 0.10250000000000001 0.670625 0.012386363636363626 0.053636363636363704
12 0.8731249999999999 0.07875000000000001 0.0337357954545453 0.06498579545454547
06 0.20375 0.9693750000000001 0.007469512195121958 0.056219512195122
03 0.226875 0.2 0.038732142857142826 0.019982142857142837
03 0.5700000000000001 0.685 0.01748749999999999 0.022487500000000105
