03 0.6925 0.50625 0.027483552631578867 0.04498355263157888
03 0.135625 0.20625 0.04374161073825504 0.022491610738255036
01 0.020624999999999998 0.7675000000000001 0.018706896551724136 0.019956896551724168
02 0.45625 0.046875 0.03249444444444449 0.03624444444444444
01 0.6018749999999999 0.7749999999999999 0.013738095238095327 0.012488095238095132
12 0.069375 0.9425 0.03374297752808989 0.039992977528089835
07 0.348125 0.6018749999999999 0.021245098039215704 0.038745098039215775
06 0.54375 0.29874999999999996 0.012456896551724106 0.019956896551724113
06 0.168125 0.40625 0.016228448275862062 0.06497844827586208
03 0.52125 0.40625 0.029886363636363544 0.04238636363636361
04 0.641875 0.85 0.02873579545454541 0.02498579545454538
20 0.09 0.9425 0.022469512195121943 0.019969512195121997
01 0.40375 0.083125 0.014982142857142833 0.01373214285714286
