13 0.5193791118421052 0.579375 0.038741776315789456 0.04873355263157886
18 0.7225 0.27937500000000004 0.009991610738254941 0.013741610738255028
15 0.708125 0.958125 0.008706896551724075 0.0237068965517242
06 0.71 0.9493750000000001 0.057494444444444404 0.01874444444444434
03 0.23249999999999998 0.58375 0.01248809523809527 0.04998809523809533
03 0.01625 0.0775 0.012492977528089888 0.014992977528089896
08 0.709375 0.7262500000000001 0.008745098039215637 0.017495098039215784
14 0.8162499999999999 0.581875 0.029956896551724177 0.016206896551724137
20 0.61 0.9143749999999999 0.019978448275862037 0.018728448275862175
06 0.97125 0.736875 0.03488636363636377 0.0061363636363637175
