19 0.17 0.060625 0.06998355263157896 0.04373355263157894
06 0.08749790268456377 0.259375 0.06249580536912753 0.11624161073825506
14 0.07125000000000001 0.756875 0.07495689655172413 0.11620689655172411
03 0.34624999999999995 0.194375 0.0399944444444445 0.07374444444444445
19 0.10999999999999999 0.5625 0.06498809523809522 0.029988095238095314
06 0.549375 0.055624999999999994 0.12874297752808983 0.03624297752808988
03 0.9606250000000001 0.8300000000000001 0.028745098039215766 0.042495098039215695
06 0.638125 0.798125 0.19120689655172407 0.016206896551724137
03 0.38875 0.1825 0.07497844827586209 0.05997844827586207
08 0.45375 0.37625 0.027386363636363598 0.07738636363636359
03 0.21687499999999998 0.638125 0.036235795454545444 0.03873579545454542
02 0.95625 0.231875 0.03246951219512206 0.07371951219512196
08 0.250625 0.763125 0.04373214285714286 0.10123214285714288
07 0.23625000000000002 0.745 0.017487500000000017 0.07498749999999998
