11 0.6856249999999999 0.525625 0.023733552631578836 0.023733552631578947
17 0.895 0.671875 0.022491610738254897 0.02374161073825487
13 0.37124999999999997 0.795625 0.06495689655172415 0.05120689655172417
03 0.05750000000000001 0.41 0.04999444444444446 0.03249444444444449
03 0.39249999999999996 0.900625 0.00998809523809524 0.03623809523809518
12 0.708125 0.701875 0.046242977528089924 0.04624297752808981
13 0.28125 0.445 0.052495098039215704 0.032495098039215686
07 0.261875 0.47 0.011206896551724133 0.03745689655172413
10 0.08687500000000001 0.079375 0.021228448275862052 0.021228448275862066
06 0.4775 0.141875 0.027386363636363598 0.07113636363636365
02 0.446875 0.370625 0.031235795454545467 0.02373579545454546
03 0.6925 0.78625 0.029969512195122006 0.05496951219512192
