15 0.445625 0.5543750000000001 0.026233552631578894 0.023733552631578836
13 0.7075 0.6243749999999999 0.024991610738254844 0.043741610738255
17 0.8387500000000001 0.82125 0.032456896551724124 0.03745689655172413
06 0.16625 0.544375 0.05249444444444443 0.05124444444444454
03 0.32187202380952384 0.97 0.018744047619047632 0.027488095238095145
11 0.9381250000000001 0.105625 0.023742977528089848 0.018742977528089885
00 0.879375 0.88875 0.018745098039215646 0.017495098039215673
03 0.86625 0.308125 0.02745689655172412 0.01870689655172414
03 0.614375 0.365 0.026228448275862126 0.06997844827586208
03 0.605 0.49 0.012386363636363584 0.027386363636363598
13 0.40812499999999996 0.66875 0.028735795454545465 0.06498579545454541
19 0.209375 0.858125 0.03121951219512198 0.028719512195122032
