04 0.6525000000000001 0.50875 0.019983552631578916 0.01748355263157897
00 0.75875 0.6793750000000001 0.024991610738254955 0.02374161073825498
06 0.51875 0.0625 0.01745689655172411 0.017456896551724145
06 0.201875 0.55625 0.038744444444444415 0.039994444444444444
03 0.888125 0.40625 0.03873809523809513 0.05248809523809528
02 0.699375 0.729375 0.028742977528089853 0.018742977528089844
02 0.765 0.138125 0.024995098039215735 0.051245098039215675
14 0.3425 0.15187499999999998 0.027456896551724175 0.031206896551724123
04 0.32875 0.825 0.02247844827586204 0.01997844827586215
03 0.808125 0.17062500000000003 0.023636363636363678 0.031136363636363656
