06 0.755625 0.93875 0.12623355263157898 0.06498355263157896
09 0.188125 0.029999999999999995 0.04624161073825503 0.04499161073825503
03 0.7206250000000001 0.10874999999999999 0.0337068965517241 0.062456896551724136
06 0.5775 0.8300000000000001 0.08249444444444443 0.02499444444444443
02 0.93125 0.31125 0.05748809523809517 0.09998809523809532
13 0.8187500000000001 0.6175 0.05499297752808985 0.11249297752808984
07 0.109375 0.415625 0.05624509803921568 0.041245098039215666
08 0.7262500000000001 0.674375 0.029956896551724177 0.06120689655172418
03 0.558125 0.08625 0.06372844827586199 0.05997844827586206
18 0.515 0.82875 0.027386363636363598 0.029886363636363766
08 0.32062500000000005 0.4 0.028735795454545465 0.032485795454545496
18 0.33062499999999995 0.09937499999999999 0.028719512195121977 0.031219512195121937
08 0.16499999999999998 0.646875 0.04498214285714283 0.04873214285714278
18 0.823125 0.296875 0.03123750000000003 0.033737499999999976
