01 0.490625 0.400625 0.04873355263157886 0.0362335526315789
06 0.11812500000000001 0.504375 0.08874161073825504 0.103741610738255
03 0.31375 0.7893749999999999 0.03245689655172418 0.026206896551724035
00 0.115625 0.324375 0.04124444444444447 0.03874444444444447
10 0.4075 0.08 0.03748809523809532 0.02998809523809523
06 0.364375 0.9675 0.04624297752808981 0.02749297752808988
06 0.483125 0.5856250000000001 0.031245098039215657 0.046245098039215615
20 0.326875 0.41125 0.0362068965517241 0.032456896551724124
20 0.094375 0.52 0.02622844827586207 0.024978448275862042
03 0.705625 0.860625 0.016136363636363726 0.05113636363636376
