01 0.9724999999999999 0.59 0.022483552631578863 0.017483552631578858
03 0.6499999999999999 0.80125 0.03249161073825502 0.02999161073825496
20 0.33999999999999997 0.038125 0.019956896551724113 0.021206896551724138
12 0.105625 0.17375 0.02624444444444446 0.029994444444444435
03 0.12937500000000002 0.660625 0.00873809523809524 0.04373809523809513
06 0.615625 0.5718749999999999 0.006242977528089888 0.07624297752808984
11 0.631875 0.146875 0.02624509803921571 0.0162450980392157
04 0.649375 0.841875 0.028706896551724093 0.026206896551724146
06 0.203125 0.91625 0.028728448275862073 0.03497844827586216
03 0.03497159090909091 0.103125 0.01744318181818182 0.03613636363636363
14 0.404375 0.115625 0.026235795454545463 0.016235795454545468
