06 0.21125411184210527 0.900625 0.14999177631578947 0.08373355263157889
20 0.05 0.660625 0.01749161073825503 0.013741610738254861
11 0.875 0.35624999999999996 0.03745689655172413 0.02995689655172412
06 0.13 0.3593736111111111 0.11999444444444443 0.033747222222222206
07 0.90875 0.6025 0.024988095238095087 0.05998809523809523
03 0.225625 0.47750000000000004 0.03874297752808986 0.052492977528089846
03 0.93625 0.88125 0.01999509803921573 0.049995098039215646
10 0.965625 0.901875 0.023706896551724088 0.016206896551724137
14 0.5325 0.224375 0.022478448275862095 0.05872844827586207
03 0.5393749999999999 0.6368750000000001 0.02113636363636362 0.051136363636363646
00 0.86875 0.18 0.02498579545454538 0.019985795454545457
03 0.26375 0.248125 0.024969512195122 0.028719512195121977
08 0.169375 0.438125 0.05123214285714284 0.05373214285714284
11 0.503125 0.6168750000000001 0.04623750000000004 0.03373750000000009
