12 0.285625 0.4225 0.06123355263157898 0.0674835526315789
10 0.59375 0.826875 0.05499161073825509 0.03374161073825488
01 0.246875 0.38875000000000004 0.03120689655172415 0.024956896551724117
19 0.124375 0.6975 0.051244444444444454 0.07249444444444442
13 0.7806249999999999 0.9143749999999999 0.1387380952380951 0.11623809523809514
20 0.075625 0.5900000000000001 0.05124297752808989 0.03499297752808983
20 0.09625 0.8525 0.04999509803921569 0.02999509803921574
16 0.6881250000000001 0.6837500000000001 0.07370689655172413 0.09495689655172412
01 0.819375 0.546875 0.05122844827586215 0.04122844827586203
03 0.195625 0.875 0.08863636363636365 0.09238636363636377
03 0.79375 0.60375 0.0649857954545453 0.08498579545454532
