03 0.903125 0.036875 0.05873355263157898 0.046233552631578946
12 0.565625 0.39437500000000003 0.048741610738255114 0.046241610738255
10 0.74375 0.47562499999999996 0.03495689655172418 0.028706896551724148
00 0.429375 0.835 0.02874444444444446 0.022494444444444373
08 0.265 0.9493750000000001 0.06248809523809529 0.04373809523809513
06 0.735 0.9124982443820224 0.08749297752808993 0.039996488764044935
03 0.73125 0.235 0.022495098039215677 0.04749509803921567
04 0.98125 0.3075 0.02495689655172406 0.019956896551724168
03 0.61 0.313125 0.057478448275862126 0.04872844827586209
03 0.518125 0.3075 0.043636363636363584 0.022386363636363704
