04 0.33999999999999997 0.31437499999999996 0.027483552631578922 0.021233552631578945
01 0.39437500000000003 0.87375 0.046241610738255 0.03999161073825486
08 0.4625 0.301875 0.04245689655172413 0.028706896551724093
06 0.650625 0.15437499999999998 0.053744444444444484 0.04374444444444445
13 0.751875 0.38125 0.048738095238095136 0.09498809523809526
05 0.79375 0.318125 0.027492977528089768 0.02624297752808985
20 0.52625 0.27875 0.01999509803921562 0.01999509803921573
03 0.2225 0.70625 0.04245689655172413 0.032456896551724124
06 0.788125 0.4225 0.07122844827586217 0.05497844827586207
07 0.27125 0.799375 0.062386363636363684 0.07863636363636373
18 0.09875 0.273125 0.01748579545454547 0.02123579545454546
12 0.08374999999999999 0.47 0.03746951219512194 0.03996951219512196
