06 0.0675 0.7224999999999999 0.047483552631578954 0.11498355263157889
20 0.445625 0.5275 0.04624161073825506 0.04499161073825508
20 0.585 0.5475 0.022456896551724115 0.019956896551724057
04 0.596875 0.21375 0.04624444444444442 0.03499444444444444
03 0.48375 0.626875 0.04998809523809533 0.048738095238095136
13 0.63625 0.23500000000000001 0.08749297752808982 0.07249297752808986
20 0.2125 0.104375 0.027495098039215682 0.028745098039215697
12 0.33375 0.17125 0.05245689655172414 0.07245689655172413
03 0.318125 0.688125 0.053728448275862095 0.07372844827586222
14 0.8300000000000001 0.644375 0.05488636363636379 0.03113636363636374
03 0.19 0.23312499999999997 0.019985795454545485 0.05623579545454546
06 0.72375 0.815 0.07996951219512205 0.05996951219512192
