14 0.365625 0.40437500000000004 0.04123355263157891 0.0962335526315789
03 0.155 0.90625 0.09749161073825506 0.04999161073825498
11 0.389375 0.095625 0.05120689655172411 0.031206896551724123
04 0.803125 0.806875 0.05624444444444432 0.06374444444444438
06 0.6025 0.8187500000000001 0.03998809523809521 0.05248809523809517
00 0.5856250000000001 0.55125 0.05624297752808982 0.05249297752808979
06 0.6593737745098038 0.94125 0.06374754901960789 0.1099950980392157
03 0.770625 0.87 0.036206896551724155 0.12995689655172415
20 0.305 0.534375 0.032478448275862104 0.028728448275862073
03 0.12875 0.484375 0.029886363636363614 0.0686363636363636
18 0.8175 0.3025 0.029985795454545272 0.03248579545454544
09 0.448125 0.65375 0.02121951219512197 0.06246951219512198
