09 0.66875 0.5925 0.07748355263157891 0.0724835526315789
11 0.52875 0.7649999999999999 0.03749161073825513 0.0274916107382549
02 0.056875 0.32875 0.011206896551724146 0.0699568965517241
14 0.333125 0.265 0.033744444444444466 0.02499444444444443
18 0.475 0.08625 0.022488095238095307 0.02498809523809524
15 0.63 0.72125 0.03249297752808977 0.047492977528089786
06 0.36624999999999996 0.32 0.08249509803921568 0.07249509803921572
06 0.6375 0.861875 0.004956896551724044 0.11370689655172417
06 0.724375 0.85625 0.13372844827586228 0.03747844827586222
04 0.365625 0.05375 0.04113636363636358 0.04738636363636363
10 0.3425 0.34625 0.02998579545454544 0.027485795454545436
05 0.5700000000000001 0.601875 0.027469512195121948 0.04121951219512199
07 0.15749999999999997 0.058124999999999996 0.049982142857142836 0.05373214285714286
11 0.328125 0.6168750000000001 0.03123750000000003 0.031237499999999918
