06 0.9031291118421052 0.47375 0.13624177631578938 0.04248355263157888
03 0.675 0.62 0.06499161073825499 0.03999161073825497
04 0.21687499999999998 0.2275 0.05120689655172414 0.03745689655172413
11 0.07125000000000001 0.400625 0.044994444444444455 0.03124444444444452
01 0.229375 0.5956250000000001 0.03373809523809526 0.02873809523809523
11 0.751875 0.42874999999999996 0.03874297752808986 0.03249297752808983
04 0.8175 0.82 0.0474950980392157 0.03749509803921569
03 0.39125 0.64625 0.08495689655172411 0.05245689655172414
20 0.6025 0.840625 0.03497844827586205 0.03372844827586219
00 0.47625 0.064375 0.04238636363636361 0.031136363636363636
11 0.10250000000000001 0.16499999999999998 0.049985795454545456 0.03248579545454547
03 0.745 0.10062499999999999 0.04496951219512191 0.03371951219512194
06 0.84875 0.7775000000000001 0.05248214285714292 0.03248214285714279
03 0.18062499999999998 0.031875 0.046237500000000015 0.046237499999999994
