03 0.6599999999999999 0.294375 0.029983552631578925 0.016233552631578996
06 0.9775 0.7737499999999999 0.009991610738254941 0.05249161073825481
06 0.14750000000000002 0.2725 0.012456896551724134 0.03745689655172413
03 0.35062499999999996 0.5531250000000001 0.018744444444444508 0.03124444444444452
01 0.13874999999999998 0.020624999999999998 0.012488095238095215 0.013738095238095235
07 0.34750000000000003 0.95625 0.02249297752808982 0.019992977528089928
04 0.56 0.116875 0.017495098039215784 0.016245098039215686
09 0.39375 0.5625 0.01745689655172411 0.01745689655172411
18 0.39437500000000003 0.32375 0.016228448275862062 0.017478448275862035
01 0.859375 0.739375 0.023636363636363678 0.018636363636363784
03 0.354375 0.385 0.028735795454545465 0.01498579545454548
18 0.454375 0.558125 0.013719512195121963 0.016219512195121966
06 0.16125 0.8075 0.009982142857142856 0.02498214285714284
19 0.984375 0.710625 0.013737499999999958 0.02123750000000002
