06 0.8625 0.375625 0.19998355263157885 0.0987335526315789
08 0.220625 0.798125 0.09124161073825504 0.03374161073825488
06 0.7462500000000001 0.688125 0.13495689655172416 0.11870689655172417
01 0.505625 0.63125 0.05374444444444454 0.0374944444444445
18 0.751875 0.9456249999999999 0.03873809523809513 0.041238095238095185
03 0.6581250000000001 0.38875000000000004 0.043742977528089866 0.062492977528089855
15 0.606875 0.330625 0.021245098039215704 0.031245098039215713
06 0.885625 0.465625 0.04120689655172405 0.11370689655172417
20 0.4025 0.7106250000000001 0.04497844827586206 0.0337284482758623
03 0.9293750000000001 0.940625 0.10863636363636375 0.043636363636363806
