06 0.6412500000000001 0.5549999999999999 0.009983552631578907 0.03748355263157899
05 0.3775 0.21875 0.024991610738255066 0.034991610738255075
01 0.38625 0.568125 0.01745689655172411 0.016206896551724137
01 0.619375 0.9025 0.018744444444444452 0.01499444444444431
04 0.9293750000000001 0.786875 0.023738095238095114 0.021238095238095056
03 0.148125 0.64 0.02874297752808988 0.03749297752808989
14 0.9456249999999999 0.71 0.04124509803921572 0.02999509803921574
07 0.9643642241379311 0.821875 0.036228448275862024 0.018706896551724084
03 0.325625 0.174375 0.02372844827586207 0.043728448275862086
03 0.515625 0.50875 0.03863636363636358 0.03988636363636361
