02 0.7068749999999999 0.18062088815789473 0.018733552631578942 0.03374177631578948
04 0.985625 0.88125 0.018741610738254866 0.01999161073825495
11 0.809375 0.226875 0.018706896551724195 0.023706896551724116
12 0.361875 0.5606249999999999 0.023744444444444457 0.028744444444444572
12 0.9125 0.744375 0.019988095238095083 0.031238095238095065
03 0.13625 0.354375 0.029992977528089895 0.031242977528089855
03 0.830625 0.3425 0.01624509803921559 0.022495098039215733
13 0.68125 0.739375 0.049956896551724084 0.03370689655172421
04 0.445625 0.596875 0.028728448275862073 0.018728448275862064
03 0.5331250000000001 0.41625 0.04113636363636364 0.0298863636363636
07 0.81875 0.7925 0.04748579545454534 0.04248579545454534
