10 0.350625 0.5193749999999999 0.04123355263157891 0.033733552631578845
03 0.724375 0.21625 0.01624161073825492 0.03499161073825505
08 0.7931250000000001 0.48625 0.01370689655172408 0.02745689655172412
07 0.955 0.5856250000000001 0.03499444444444433 0.03124444444444452
08 0.1249970238095238 0.426875 0.034994047619047605 0.0462380952380953
07 0.8049999999999999 0.956875 0.03749297752808978 0.05874297752808988
15 0.095625 0.88625 0.013745098039215697 0.024995098039215735
12 0.03375 0.76 0.044956896551724135 0.04495689655172419
06 0.731875 0.5937446120689656 0.028728448275862184 0.019989224137931028
04 0.108125 0.8775 0.03613636363636363 0.02738636363636371
03 0.871875 0.275625 0.03873579545454531 0.02123579545454546
06 0.8206173780487805 0.38375000000000004 0.02123475609756098 0.02996951219512195
