15 0.16812500000000002 0.8331249999999999 0.01623355263157894 0.031233552631578898
11 0.06625 0.42500000000000004 0.019991610738255033 0.022491610738255063
15 0.8612500000000001 0.119375 0.029956896551724177 0.026206896551724118
03 0.7581249999999999 0.696875 0.026244444444444404 0.031244444444444408
09 0.75125 0.6031220238095238 0.04248809523809516 0.048744047619047604
03 0.32875 0.6875 0.022492977528089875 0.04249297752808978
08 0.62625 0.083125 0.012495098039215669 0.05124509803921569
14 0.90375 0.486875 0.022456896551724115 0.03120689655172415
20 0.324375 0.246875 0.01372844827586206 0.01372844827586206
08 0.113125 0.03 0.008636363636363636 0.029886363636363638
11 0.806875 0.335 0.021235795454545237 0.01498579545454548
17 0.4375 0.6212500000000001 0.027469512195121948 0.024969512195122
