05 0.679375 0.78 0.0362335526315789 0.019983552631578916
13 0.565625 0.55375 0.08124161073825509 0.034991610738255075
20 0.42562500000000003 0.8 0.02620689655172409 0.02495689655172406
13 0.24375000000000002 0.915625 0.11999444444444443 0.11624444444444437
18 0.86 0.35625 0.019988095238095083 0.02248809523809525
01 0.325625 0.774375 0.036242977528089804 0.026242977528089795
06 0.899375 0.375625 0.07624509803921564 0.041245098039215666
05 0.5587500000000001 0.576875 0.019956896551724168 0.036206896551724155
09 0.62375 0.54125 0.024978448275862042 0.039978448275862055
06 0.736875 0.4925 0.03863636363636369 0.0848863636363636
13 0.35062499999999996 0.403125 0.09123579545454547 0.051235795454545485
05 0.057499999999999996 0.3875 0.022469512195121936 0.03246951219512195
06 0.8574999999999999 0.4225 0.05498214285714276 0.014982142857142833
