03 0.629375 0.318125 0.031233552631578898 0.14623355263157892
18 0.92625 0.875 0.06749161073825494 0.069991610738255
05 0.563125 0.365 0.05120689655172406 0.10745689655172413
15 0.645 0.255625 0.08249444444444443 0.07124444444444442
20 0.49 0.875625 0.05248809523809528 0.05123809523809508
03 0.1775 0.20500000000000002 0.09999297752808989 0.1649929775280899
00 0.830625 0.38625 0.0837450980392157 0.07249509803921567
00 0.464375 0.5075000000000001 0.1012068965517241 0.06995689655172416
03 0.79375 0.1825 0.06997844827586219 0.15997844827586205
07 0.234375 0.76125 0.051136363636363646 0.10988636363636373
