07 0.859375 0.8643749999999999 0.01873355263157883 0.04123355263157891
10 0.41625 0.6712499999999999 0.022491610738255063 0.017491610738254892
20 0.013124999999999998 0.5225 0.018706896551724136 0.01745689655172411
04 0.153125 0.064375 0.02374444444444443 0.021244444444444434
03 0.568125 0.111875 0.01873809523809533 0.05623809523809524
03 0.024375 0.2925 0.013742977528089888 0.027492977528089824
10 0.34875 0.843125 0.024995098039215735 0.02624509803921571
03 0.236875 0.44625 0.05120689655172414 0.022456896551724115
13 0.46625 0.435 0.039978448275862055 0.039978448275862055
18 0.68625 0.1225 0.012386363636363695 0.014886363636363642
09 0.849375 0.39937500000000004 0.03623579545454536 0.03373579545454547
20 0.170625 0.464375 0.02121951219512197 0.016219512195121966
03 0.71625 0.14500000000000002 0.029982142857142846 0.012482142857142858
