20 0.075625 0.73375 0.021233552631578945 0.014983552631578911
03 0.515625 0.2825 0.023741610738255092 0.03499161073825502
08 0.464375 0.8518749999999999 0.02120689655172414 0.028706896551724204
06 0.164375 0.875 0.031244444444444464 0.022494444444444373
05 0.9775 0.265 0.02248809523809514 0.027488095238095256
01 0.34187500000000004 0.593125 0.01624297752808984 0.011242977528089781
12 0.5449999999999999 0.29874999999999996 0.03999509803921575 0.03999509803921569
07 0.414375 0.275625 0.0337068965517241 0.023706896551724144
18 0.0825 0.690625 0.01497844827586206 0.01622844827586223
06 0.065625 0.735 0.05863636363636363 0.009886363636363749
12 0.978125 0.5925 0.03623579545454536 0.0349857954545455
