06 0.6412500000000001 0.138125 0.0624835526315789 0.03373355263157894
03 0.239375 0.24812499999999998 0.011241610738255053 0.01874161073825506
05 0.6268750000000001 0.680625 0.023706896551724088 0.01370689655172408
03 0.285625 0.255 0.01624444444444445 0.014994444444444421
07 0.0806279761904762 0.6225 0.028744047619047614 0.007488095238095238
03 0.881875 0.92375 0.01374297752808984 0.01749297752808987
03 0.910625 0.43625 0.011245098039215695 0.02499509803921568
12 0.21125 0.808125 0.02745689655172412 0.03120689655172415
06 0.84875 0.598125 0.01997844827586226 0.018728448275862064
03 0.05125 0.47875 0.019886363636363633 0.009886363636363582
13 0.10125 0.755625 0.03998579545454546 0.058735795454545325
02 0.301875 0.135625 0.038719512195121986 0.04621951219512194
03 0.3775 0.64375 0.019982142857142837 0.05498214285714276
11 0.46062812499999994 0.94625 0.023743750000000008 0.01748749999999999
