08 0.33625 0.406875 0.02498355263157892 0.04123355263157891
03 0.11624999999999999 0.6018749999999999 0.01249161073825504 0.02374161073825498
13 0.32 0.06999999999999999 0.05245689655172414 0.04745689655172414
03 0.900625 0.558125 0.013744444444444337 0.02124444444444451
10 0.74 0.71625 0.02248809523809514 0.017488095238095025
20 0.43 0.96625 0.022492977528089875 0.019992977528089928
03 0.1775 0.510625 0.022495098039215705 0.018745098039215646
14 0.81875 0.338125 0.01745689655172411 0.043706896551724106
03 0.25687499999999996 0.5925 0.021228448275862066 0.019978448275862037
09 0.46625 0.518125 0.01738636363636359 0.028636363636363682
03 0.77875 0.786875 0.012485795454545312 0.021235795454545237
