00 0.53 0.5825 0.05998355263157895 0.04498355263157894
06 0.6306270973154362 0.166875 0.11874580536912749 0.08874161073825504
01 0.41 0.45499999999999996 0.032456896551724124 0.034956896551724126
19 0.130625 0.81375 0.04624444444444446 0.03249444444444438
05 0.6275 0.91 0.03248809523809526 0.05998809523809512
20 0.55375 0.326875 0.029992977528089826 0.02624297752808985
06 0.509375 0.88 0.12874509803921574 0.11499509803921559
12 0.873125 0.77 0.08870689655172415 0.07995689655172411
03 0.525625 0.8106249999999999 0.05372844827586204 0.03872844827586219
20 0.2475 0.23125 0.02488636363636365 0.019886363636363674
06 0.1975 0.7112499999999999 0.09248579545454547 0.03998579545454539
06 0.07625 0.29000000000000004 0.05746951219512195 0.01996951219512194
20 0.7949999999999999 0.676875 0.0424821428571428 0.03373214285714288
08 0.380625 0.931875 0.053737499999999994 0.033737499999999976
