03 0.359375 0.39125 0.033733552631578956 0.04498355263157888
14 0.7575 0.09125 0.022491610738254897 0.04249161073825504
03 0.31062500000000004 0.518125 0.03870689655172416 0.023706896551724088
18 0.098125 0.026875 0.02874444444444446 0.031244444444444443
08 0.6825 0.818125 0.04748809523809516 0.031238095238095065
08 0.4325 0.68625 0.06749297752808986 0.032492977528089884
06 0.568125 0.04875 0.1312450980392157 0.062495098039215685
07 0.665 0.27125 0.12995689655172415 0.11995689655172412
01 0.921875 0.505 0.04872844827586231 0.04747844827586212
13 0.30874999999999997 0.3 0.10238636363636361 0.1223863636363636
09 0.6656249999999999 0.2725 0.0662357954545455 0.05748579545454549
03 0.3025 0.394375 0.04496951219512196 0.08871951219512197
03 0.329375 0.595 0.04373214285714283 0.057482142857142815
