13 0.161875 0.7825 0.12123355263157895 0.06998355263157885
00 0.358125 0.1725 0.02874161073825504 0.01749161073825503
03 0.74375 0.15875 0.029956896551724066 0.05245689655172414
06 0.693125 0.16749999999999998 0.026244444444444293 0.019994444444444454
03 0.09375 0.3425 0.04998809523809522 0.04498809523809527
04 0.755 0.436875 0.024992977528089932 0.023742977528089848
04 0.193125 0.9137500000000001 0.02374509803921568 0.01999509803921573
03 0.97125 0.614375 0.014956896551724053 0.03370689655172421
20 0.361875 0.7525 0.028728448275862073 0.022478448275862206
03 0.96 0.081875 0.024886363636363762 0.03363636363636363
03 0.5018750000000001 0.338125 0.023735795454545516 0.02123579545454546
