15 0.5443708881578948 0.42000000000000004 0.06874177631578948 0.04498355263157888
20 0.8725 0.8200000000000001 0.03749161073825491 0.029991610738254848
11 0.60875 0.479375 0.04495689655172419 0.05370689655172417
03 0.045 0.669375 0.027494444444444446 0.03874444444444436
06 0.111875 0.846875 0.03873809523809524 0.023738095238095114
01 0.68625 0.53125 0.049992977528089844 0.049992977528089844
14 0.23375 0.09562499999999999 0.05999509803921568 0.05374509803921569
12 0.39249999999999996 0.93625 0.05995689655172415 0.05995689655172409
13 0.410625 0.39375 0.09122844827586207 0.13247844827586208
18 0.69875 0.138125 0.03488636363636377 0.038636363636363635
14 0.07250000000000001 0.409375 0.04248579545454546 0.06373579545454544
07 0.594375 0.87375 0.043719512195121935 0.07746951219512199
10 0.091875 0.265 0.04373214285714286 0.027482142857142844
