03 0.625 0.785625 0.019983552631578805 0.01873355263157883
10 0.734375 0.466875 0.028741610738254986 0.021241610738255035
03 0.84375 0.36812500000000004 0.09995689655172413 0.08620689655172414
18 0.02375 0.313125 0.01749444444444444 0.021244444444444455
05 0.479375 0.38749999999999996 0.016238095238095274 0.03998809523809527
04 0.18125000000000002 0.591875 0.032492977528089856 0.018742977528089844
03 0.16375122549019608 0.66625 0.02249754901960782 0.034995098039215744
20 0.014375 0.145625 0.02620689655172414 0.02120689655172414
03 0.2675 0.39375 0.04497844827586209 0.012478448275862086
14 0.82375 0.59875 0.029886363636363766 0.029886363636363544
15 0.8325 0.139375 0.03998579545454528 0.02123579545454546
09 0.60625 0.755625 0.014969512195121992 0.028719512195122032
07 0.655625 0.8518749999999999 0.0687321428571428 0.07623214285714275
04 0.7381249999999999 0.57875 0.026237500000000025 0.02498749999999994
