03 0.645625 0.850625 0.021233552631579 0.04623355263157891
07 0.30062500000000003 0.326875 0.013741610738255028 0.07374161073825508
06 0.69125 0.9806250000000001 0.12245689655172409 0.01370689655172408
19 0.5137499999999999 0.365625 0.0424944444444445 0.028744444444444517
14 0.16812500000000002 0.24062499999999998 0.04123809523809527 0.026238095238095255
03 0.833125 0.846875 0.016242977528089897 0.028742977528089853
03 0.31937499999999996 0.06125 0.07124509803921569 0.03749509803921569
03 0.13187500000000002 0.7275 0.04870689655172414 0.03495689655172407
06 0.09687499999999999 0.8143750000000001 0.03122844827586206 0.018728448275862175
13 0.401875 0.5543750000000001 0.14113636363636362 0.16363636363636364
13 0.675625 0.14375 0.058735795454545325 0.09498579545454547
