14 0.74125 0.45125000000000004 0.029983552631578925 0.04498355263157888
03 0.6799999999999999 0.756875 0.03749161073825491 0.07374161073825491
05 0.12687500000000002 0.10062499999999999 0.03870689655172413 0.021206896551724128
18 0.439375 0.081875 0.02124444444444451 0.023744444444444457
15 0.26937500000000003 0.224375 0.026238095238095227 0.03123809523809526
04 0.21375 0.083125 0.032492977528089856 0.031242977528089896
03 0.2793762254901961 0.931875 0.04374754901960787 0.06124509803921563
03 0.423125 0.71625 0.021206896551724086 0.059956896551724204
11 0.0575 0.651875 0.03247844827586206 0.03122844827586213
06 0.3206534090909091 0.49062500000000003 0.028693181818181868 0.02113636363636362
