01 0.475 0.101875 0.024983552631578865 0.023733552631578933
00 0.35562499999999997 0.22062500000000002 0.02874161073825504 0.01874161073825506
12 0.913125 0.871875 0.053706896551724115 0.06370689655172412
03 0.471875 0.29874999999999996 0.03874444444444447 0.03249444444444444
00 0.803125 0.20124999999999998 0.05123809523809508 0.03498809523809529
04 0.295625 0.60875 0.041242977528089864 0.02749297752808988
03 0.40249999999999997 0.02625 0.022495098039215733 0.047495098039215686
03 0.7275 0.091875 0.04745689655172414 0.046206896551724136
15 0.38687499999999997 0.17812499999999998 0.031228448275862075 0.04622844827586206
03 0.744375 0.85625 0.02113636363636373 0.014886363636363753
13 0.6187499999999999 0.703125 0.09498579545454533 0.08373579545454524
