13 0.295625 0.83125 0.06873355263157893 0.08248355263157892
02 0.8375 0.14125 0.042491610738254915 0.04749161073825506
03 0.068125 0.51875 0.02370689655172415 0.04245689655172413
20 0.396875 0.931875 0.013744444444444504 0.016244444444444284
03 0.558125 0.30875 0.031238095238095287 0.047488095238095274
20 0.49124999999999996 0.53625 0.024992977528089877 0.022492977528089764
07 0.11499999999999999 0.936875 0.017495098039215687 0.03374509803921577
03 0.58875 0.885 0.02745689655172412 0.049956896551724084
06 0.615 0.30437499999999995 0.0274784482758621 0.016228448275862062
12 0.57375 0.064375 0.037386363636363606 0.03613636363636363
14 0.78375 0.41625 0.034985795454545277 0.0399857954545455
06 0.6881250000000001 0.28125 0.006219512195121957 0.09496951219512195
