12 0.60625 0.11 0.05998355263157895 0.08748355263157895
20 0.255625 0.47750000000000004 0.031241610738255043 0.027491610738255068
15 0.344375 0.6525 0.02120689655172414 0.04745689655172414
06 0.839375 0.85 0.01874444444444434 0.1299944444444443
05 0.815625 0.54 0.03873809523809513 0.06498809523809523
03 0.299375 0.41374999999999995 0.016242977528089897 0.10999297752808984
18 0.024375 0.815625 0.031245098039215685 0.03374509803921566
03 0.30562500000000004 0.40625 0.023706896551724144 0.04495689655172408
04 0.18312499999999998 0.505 0.051228448275862065 0.04247844827586206
20 0.383125 0.230625 0.018636363636363562 0.01613636363636367
