08 0.1575 0.43625 0.012483552631578965 0.024983552631578865
03 0.441875 0.018125 0.018741610738255032 0.013741610738255033
12 0.64625 0.8118749999999999 0.04495689655172419 0.03120689655172415
06 0.32937500000000003 0.735625 0.018744444444444452 0.01124444444444439
02 0.30062500000000003 0.428125 0.02373809523809528 0.03373809523809529
07 0.16875 0.6725000000000001 0.04999297752808987 0.012492977528089866
08 0.27437500000000004 0.849375 0.013745098039215697 0.02624509803921571
06 0.79 0.50875 0.019956896551724168 0.0749568965517241
10 0.454375 0.203125 0.018728448275862064 0.021228448275862066
04 0.79125 0.1375 0.01738636363636381 0.017386363636363616
19 0.6125 0.148125 0.019985795454545485 0.02123579545454546
08 0.234375 0.576875 0.013719512195121963 0.03121951219512198
03 0.67875 0.085 0.009982142857142828 0.017482142857142863
