13 0.63 0.90125 0.04998355263157883 0.029983552631578814
01 0.39 0.72 0.01999161073825506 0.017491610738254892
13 0.723125 0.3625 0.07620689655172419 0.05245689655172414
12 0.6112500000000001 0.4175 0.02499444444444443 0.027494444444444488
01 0.38125 0.029375000000000002 0.014988095238095245 0.011238095238095235
08 0.3212482443820225 0.6443749999999999 0.03249648876404493 0.023742977528089848
08 0.291875 0.79625 0.018745098039215646 0.03999509803921564
06 0.164375 0.9525 0.013706896551724135 0.057456896551724146
11 0.606875 0.385625 0.02372844827586207 0.018728448275862064
14 0.9525 0.393125 0.019886363636363757 0.02863636363636357
04 0.13874999999999998 0.146875 0.024985795454545462 0.02123579545454546
