03 0.16562500000000002 0.71625 0.013733552631578966 0.05248355263157889
06 0.9056249999999999 0.10062499999999999 0.026241610738254928 0.013741610738255042
01 0.485 0.823125 0.02995689655172412 0.0237068965517242
11 0.1475 0.05 0.03249444444444444 0.02749444444444444
08 0.69 0.166875 0.04998809523809522 0.018738095238095248
03 0.5425 0.476875 0.0624929775280898 0.0887429775280898
20 0.9275 0.463125 0.022495098039215677 0.0162450980392157
02 0.17375000000000002 0.198125 0.022456896551724143 0.033706896551724125
14 0.18 0.104375 0.022478448275862067 0.033728448275862064
07 0.403125 0.6825 0.07863636363636362 0.0698863636363638
