18 0.170625 0.32375 0.018733552631578998 0.022483552631578974
04 0.665 0.25375000000000003 0.022491610738254897 0.01749161073825506
15 0.946875 0.78125 0.04870689655172411 0.0549568965517242
07 0.9762500000000001 0.115625 0.03499444444444444 0.02124444444444447
16 0.049375 0.0225 0.04623809523809523 0.02748809523809524
00 0.241875 0.416875 0.026242977528089823 0.018742977528089844
04 0.460625 0.681875 0.04124509803921572 0.03374509803921577
05 0.29375 0.318125 0.03745689655172413 0.028706896551724093
09 0.786875 0.25375000000000003 0.0437284482758622 0.019978448275862093
07 0.2518465909090909 0.171875 0.026193181818181838 0.026136363636363652
