06 0.27375 0.78125 0.07998355263157897 0.07998355263157886
00 0.7175 0.33 0.0274916107382549 0.02999161073825507
18 0.8175 0.90625 0.019956896551724057 0.022456896551724226
20 0.2425 0.103125 0.029994444444444435 0.02374444444444447
07 0.446875 0.14625 0.01123809523809527 0.03748809523809524
01 0.238125 0.5687500000000001 0.018742977528089844 0.012492977528089866
11 0.506875 0.7775000000000001 0.031245098039215713 0.022495098039215677
06 0.7537499999999999 0.5425 0.019956896551724168 0.014956896551724164
09 0.0825 0.9525 0.04747844827586207 0.03997844827586228
20 0.458125 0.149375 0.033636363636363575 0.03113636363636363
02 0.6456249999999999 0.72 0.03623579545454547 0.03248579545454533
03 0.28375 0.38375000000000004 0.014969512195121992 0.05496951219512197
19 0.579375 0.74875 0.02373214285714287 0.019982142857142837
