09 0.495 0.8999999999999999 0.042483552631578936 0.039983552631578934
03 0.065 0.16499999999999998 0.05999161073825504 0.04249161073825505
03 0.891875 0.0925 0.06370689655172412 0.062456896551724136
00 0.0675 0.179375 0.03999444444444445 0.02624444444444443
01 0.735 0.53375 0.05748809523809517 0.04248809523809527
01 0.204375 0.675 0.05124297752808987 0.04249297752808989
01 0.236875 0.755 0.03374509803921569 0.03749509803921569
01 0.7424999999999999 0.955 0.07745689655172405 0.057456896551724146
18 0.3175 0.26937500000000003 0.029978448275862046 0.03372844827586202
14 0.59625 0.053125000000000006 0.047386363636363504 0.05613636363636364
