01 0.803125 0.259375 0.023733552631578947 0.021233552631578945
15 0.54125 0.21437499999999998 0.052491610738255035 0.04624161073825503
13 0.48375 0.881875 0.08745689655172417 0.08620689655172409
14 0.548125 0.7381249999999999 0.023744444444444457 0.026244444444444404
03 0.6275 0.826875 0.044988095238095216 0.03623809523809518
00 0.915625 0.649375 0.026242977528089906 0.023742977528089848
13 0.28 0.9312499999999999 0.022495098039215733 0.08249509803921573
00 0.9337500000000001 0.114375 0.039956896551724186 0.038706896551724115
18 0.73625 0.77875 0.022478448275862206 0.024978448275862264
19 0.685 0.725625 0.029886363636363655 0.026136363636363735
03 0.7224999999999999 0.503125 0.024985795454545268 0.021235795454545514
20 0.438125 0.84 0.03121951219512198 0.029969512195122006
03 0.640625 0.021875 0.04873214285714278 0.031232142857142858
