15 0.22125 0.771875 0.04998355263157897 0.06873355263157888
15 0.88125 0.43687290268456375 0.01999161073825495 0.02874580536912752
06 0.8456250000000001 0.8206249999999999 0.0912068965517242 0.0337068965517241
03 0.788125 0.6875 0.031244444444444297 0.03249444444444438
07 0.471875 0.20875 0.041238095238095296 0.02498809523809528
04 0.451875 0.7525 0.028742977528089853 0.022492977528089875
03 0.581875 0.588125 0.02624509803921571 0.02624509803921571
03 0.8812500000000001 0.585 0.022456896551724115 0.03495689655172407
20 0.35125 0.96875 0.0274784482758621 0.0274784482758621
08 0.881875 0.321875 0.026136363636363735 0.013636363636363613
18 0.319375 0.951875 0.02123579545454546 0.023735795454545294
08 0.9081250000000001 0.235625 0.016219512195121966 0.026219512195121975
03 0.12625 0.62 0.04248214285714286 0.07998214285714278
14 0.07 0.36375 0.0224875 0.024987499999999996
