04 0.22312500000000002 0.946875 0.02873355263157898 0.033733552631578956
15 0.116875 0.7518750000000001 0.016241610738255044 0.013741610738254972
03 0.48124999999999996 0.40625 0.044956896551724135 0.022456896551724115
15 0.811875 0.509375 0.016244444444444284 0.031244444444444464
13 0.7024999999999999 0.6187499999999999 0.1449880952380952 0.07248809523809518
15 0.42562500000000003 0.41812499999999997 0.0187429775280899 0.041242977528089864
07 0.765 0.52875 0.01999509803921562 0.03499509803921563
03 0.19625 0.19625 0.04245689655172413 0.034956896551724126
06 0.27625 0.044375 0.09247844827586205 0.013728448275862074
03 0.17625000000000002 0.565 0.019886363636363674 0.047386363636363504
14 0.411875 0.29500000000000004 0.026235795454545463 0.032485795454545496
00 0.304375 0.646875 0.02121951219512197 0.018719512195122023
00 0.435625 0.169375 0.026232142857142815 0.026232142857142843
