04 0.089375 0.241875 0.021233552631578945 0.01873355263157897
15 0.9612499999999999 0.7025 0.0074916107382548836 0.014991610738254835
04 0.34625 0.251875 0.022456896551724115 0.016206896551724137
03 0.2575 0.265 0.03499444444444444 0.03249444444444441
03 0.965625 0.97125 0.01623809523809505 0.02248809523809514
08 0.48062499999999997 0.364375 0.01624297752808984 0.03624297752808986
04 0.08812500000000001 0.96875 0.02124509803921569 0.014995098039215726
03 0.20625 0.578125 0.05745689655172412 0.03370689655172421
03 0.148125 0.74 0.011228448275862057 0.012478448275862197
03 0.101875 0.7975 0.008636363636363623 0.019886363636363757
03 0.88375 0.67125 0.024985795454545268 0.01498579545454537
11 0.213125 0.948125 0.02121951219512197 0.018719512195122023
