14 0.49 0.58125 0.03998355263157888 0.027483552631578978
09 0.234375 0.35625 0.02874161073825504 0.03749161073825502
07 0.245625 0.5025 0.028706896551724148 0.08495689655172411
04 0.6956249999999999 0.338125 0.02874444444444435 0.023744444444444512
13 0.8418749999999999 0.190625 0.09873809523809507 0.023738095238095253
11 0.438125 0.5125 0.031242977528089855 0.027492977528089824
07 0.753125 0.885625 0.046245098039215615 0.03374509803921577
06 0.6781250000000001 0.5549999999999999 0.053706896551724115 0.07745689655172405
04 0.9775 0.89375 0.032478448275862215 0.022478448275862206
06 0.531875 0.451875 0.03863636363636358 0.07363636363636356
03 0.215 0.66125 0.017485795454545483 0.037485795454545334
04 0.80375 0.11875 0.03246951219512195 0.03496951219512194
03 0.754375 0.910625 0.018732142857142864 0.03873214285714277
01 0.761875 0.03625 0.03123750000000003 0.024987499999999996
