03 0.54125 0.108125 0.03998355263157882 0.02623355263157895
04 0.53125 0.433125 0.027491610738255012 0.021241610738255035
12 0.8775 0.925 0.06745689655172404 0.05495689655172409
13 0.865 0.670625 0.022494444444444373 0.07124444444444433
12 0.8525 0.16875 0.02998809523809509 0.029988095238095258
00 0.144375 0.5631250000000001 0.0187429775280899 0.01374297752808984
04 0.936875 0.421875 0.02624509803921571 0.021245098039215704
05 0.66125 0.973125 0.014956896551724164 0.028706896551724093
08 0.24625000000000002 0.5775 0.02497844827586207 0.01747844827586209
03 0.5075 0.21625 0.017386363636363533 0.03738636363636366
