14 0.89625 0.28875 0.029983552631578814 0.039983552631578934
04 0.5543750000000001 0.16625 0.048741610738255114 0.04749161073825506
05 0.44937499999999997 0.5225 0.05120689655172411 0.04495689655172408
11 0.471875 0.518125 0.043744444444444475 0.03624444444444441
04 0.1 0.344375 0.05998809523809524 0.05123809523809525
03 0.791875 0.5900000000000001 0.03874297752808986 0.06499297752808986
07 0.649375 0.7875000000000001 0.056245098039215624 0.032495098039215686
05 0.44 0.141875 0.04495689655172408 0.04120689655172412
08 0.478125 0.4325 0.028728448275862073 0.0849784482758621
02 0.506875 0.693125 0.05363636363636359 0.04113636363636375
03 0.518125 0.78375 0.05123579545454543 0.07748579545454526
