08 0.84875 0.563125 0.017483552631578858 0.02873355263157884
02 0.209375 0.043125 0.04624161073825506 0.03374161073825503
06 0.96 0.235625 0.049956896551724195 0.03870689655172416
07 0.883125 0.4625 0.033744444444444355 0.044994444444444504
15 0.245625 0.766875 0.018738095238095276 0.031238095238095176
10 0.9775 0.8425 0.02749297752808988 0.02499297752808982
10 0.853125 0.01625 0.02624509803921571 0.02749509803921569
03 0.5706249999999999 0.23125 0.018706896551724195 0.03745689655172413
08 0.345625 0.18937500000000002 0.028728448275862073 0.041228448275862056
08 0.479375 0.195625 0.016136363636363615 0.018636363636363673
06 0.1275 0.936875 0.04998579545454547 0.0287357954545453
15 0.0925 0.015625 0.009969512195121932 0.018719512195121954
20 0.27875 0.864375 0.022482142857142784 0.018732142857142753
