16 0.670625 0.586875 0.031233552631578898 0.026233552631578894
07 0.9325000000000001 0.485625 0.0274916107382549 0.0312416107382551
15 0.3375 0.193125 0.024956896551724117 0.04120689655172413
06 0.149375 0.843125 0.021244444444444455 0.013744444444444337
03 0.20875 0.039375 0.027488095238095284 0.023738095238095235
04 0.531875 0.37625 0.02124297752808979 0.024992977528089877
17 0.5531250000000001 0.8225 0.021245098039215704 0.024995098039215735
03 0.77875 0.938125 0.019956896551724168 0.04120689655172405
03 0.455625 0.426875 0.04872844827586209 0.02622844827586207
03 0.4850284090909091 0.7475 0.029943181818181785 0.019886363636363646
05 0.869375 0.838125 0.013735795454545396 0.026235795454545352
