03 0.254375 0.465625 0.07123355263157896 0.031233552631578898
01 0.57375 0.785625 0.03999161073825508 0.031241610738254932
04 0.45375 0.3625 0.044956896551724135 0.04245689655172413
06 0.92875 0.745625 0.037494444444444386 0.08874444444444429
11 0.47250000000000003 0.204375 0.05498809523809528 0.05373809523809525
03 0.53625 0.686875 0.02749297752808988 0.05874297752808988
03 0.534375 0.33875 0.038745098039215775 0.06249509803921571
03 0.54375 0.5025 0.04245689655172413 0.04495689655172408
03 0.5743750000000001 0.213125 0.036228448275862024 0.051228448275862065
03 0.7775 0.92125 0.07238636363636375 0.039886363636363775
03 0.6487499999999999 0.133125 0.03248579545454544 0.03623579545454546
