06 0.905625 0.08375 0.0987335526315789 0.12748355263157896
06 0.51875 0.245625 0.10749161073825497 0.11624161073825506
03 0.935 0.8725 0.05245689655172414 0.03495689655172407
03 0.16562499999999997 0.423125 0.03374444444444444 0.05124444444444448
06 0.766875 0.07250000000000001 0.04623809523809508 0.027488095238095242
01 0.63375 0.7112499999999999 0.0524929775280899 0.039992977528089946
18 0.440625 0.11000000000000001 0.03374509803921566 0.0349950980392157
14 0.12312499999999998 0.236875 0.09120689655172413 0.0712068965517241
14 0.59875 0.48124999999999996 0.08747844827586215 0.09997844827586205
03 0.204375 0.9225 0.051136363636363646 0.10488636363636372
20 0.6456249999999999 0.149375 0.02873579545454541 0.02123579545454546
07 0.5293826219512195 0.451875 0.07623475609756097 0.021219512195122026
03 0.23562499999999997 0.895625 0.06123214285714282 0.03373214285714288
15 0.864375 0.29875 0.043737499999999985 0.06748750000000003
