04 0.22499999999999998 0.881875 0.044983552631578966 0.03873355263157896
03 0.6468749999999999 0.816875 0.03374161073825499 0.056241610738254844
11 0.5562499999999999 0.08562499999999999 0.05495689655172409 0.04120689655172413
06 0.175 0.9312499999999999 0.04499444444444445 0.027494444444444377
14 0.88375 0.043125 0.04998809523809511 0.05373809523809524
20 0.23625 0.955625 0.03249297752808983 0.028742977528089853
10 0.38 0.705625 0.049995098039215646 0.048745098039215784
09 0.6331249999999999 0.661875 0.06120689655172418 0.036206896551724155
03 0.744375 0.311875 0.0912284482758623 0.058728448275862044
15 0.47625 0.31625 0.022386363636363593 0.04238636363636361
03 0.375 0.930625 0.04998579545454551 0.05373579545454532
