03 0.048125 0.48687500000000006 0.03623355263157896 0.07873355263157894
03 0.063125 0.3075 0.053741610738255036 0.05999161073825504
06 0.510625 0.929364224137931 0.08870689655172415 0.078728448275862
05 0.045625 0.31625000000000003 0.05124444444444445 0.05999444444444446
10 0.638125 0.136875 0.031238095238095176 0.026238095238095227
01 0.22062500000000002 0.560625 0.04874297752808984 0.03874297752808986
03 0.206875 0.8300000000000001 0.06374509803921569 0.052495098039215704
14 0.3125 0.371875 0.06745689655172415 0.05870689655172412
10 0.8768750000000001 0.869375 0.036228448275862246 0.028728448275862295
02 0.229375 0.91 0.023636363636363678 0.022386363636363704
03 0.078125 0.863125 0.05123579545454545 0.03873579545454531
00 0.311875 0.355 0.04371951219512199 0.027469512195122003
09 0.54 0.47562499999999996 0.03498214285714285 0.05373214285714284
