06 0.6387499999999999 0.64625 0.01748355263157897 0.0724835526315789
10 0.23249999999999998 0.8668750000000001 0.014991610738255029 0.013741610738254972
01 0.66 0.586875 0.01745689655172411 0.016206896551724137
20 0.4175 0.624375 0.024994444444444486 0.018744444444444452
04 0.11125 0.114375 0.02998809523809523 0.03123809523809523
04 0.32625 0.504375 0.022492977528089875 0.016242977528089897
01 0.9450000000000001 0.90375 0.012495098039215669 0.012495098039215669
01 0.5237499999999999 0.017499999999999998 0.032456896551724124 0.024956896551724134
03 0.4125 0.47125 0.02247844827586204 0.03497844827586205
19 0.2575 0.034375 0.02738636363636371 0.02363636363636363
