03 0.5768791118421053 0.71375 0.04624177631578941 0.047483552631578885
02 0.34062499999999996 0.6756249999999999 0.03874161073825505 0.03624161073825494
04 0.13437500000000002 0.849375 0.046206896551724136 0.05120689655172406
00 0.563125 0.235625 0.03874444444444447 0.028744444444444406
03 0.9325 0.815 0.044988095238095216 0.024988095238095087
07 0.613125 0.4325 0.018742977528089844 0.05999297752808985
12 0.111875 0.516875 0.05124509803921569 0.05624509803921568
03 0.125625 0.40249999999999997 0.031206896551724123 0.054956896551724144
13 0.609375 0.3175 0.12372844827586216 0.06747844827586202
03 0.150625 0.878125 0.038636363636363635 0.0336363636363638
08 0.9199999999999999 0.65875 0.029985795454545383 0.03248579545454533
03 0.37875000000000003 0.49 0.017469512195121994 0.04746951219512202
18 0.1925 0.27 0.029982142857142846 0.03248214285714285
20 0.42500000000000004 0.823125 0.0299875 0.03123750000000003
