05 0.5375 0.27 0.02498355263157892 0.04998355263157897
20 0.579375 0.876875 0.0337416107382551 0.021241610738254924
06 0.79625 0.09937499999999999 0.05995689655172409 0.09120689655172415
10 0.519375 0.9675 0.04124444444444447 0.027494444444444377
11 0.89375 0.455625 0.03248809523809515 0.023738095238095225
04 0.094375 0.41000000000000003 0.03874297752808989 0.02999297752808988
09 0.390625 0.463125 0.04874509803921567 0.051245098039215675
03 0.565 0.433125 0.01745689655172422 0.07370689655172413
13 0.536875 0.20124999999999998 0.08872844827586207 0.032478448275862076
09 0.7725 0.905625 0.03488636363636377 0.07613636363636367
12 0.5268785511363636 0.7 0.048742897727272805 0.03248579545454533
03 0.67875 0.185 0.039969512195122014 0.03246951219512198
08 0.023125000000000003 0.298125 0.03373214285714286 0.023732142857142813
