07 0.46875 0.145625 0.047483552631578885 0.033733552631578956
14 0.044375 0.513125 0.011241610738255033 0.05124161073825506
16 0.564375 0.625625 0.036206896551724155 0.0237068965517242
06 0.68625 0.930625 0.017494444444444368 0.02874444444444435
06 0.2875 0.63625 0.012488095238095298 0.024988095238095198
03 0.9143749999999999 0.03125 0.036242977528089804 0.02499297752808989
14 0.859375 0.08499999999999999 0.023745098039215762 0.0349950980392157
20 0.230625 0.474375 0.028706896551724148 0.02120689655172414
03 0.9625 0.859375 0.014978448275862144 0.028728448275862295
18 0.36750000000000005 0.7562500000000001 0.014886363636363587 0.0173863636363637
18 0.361875 0.35875 0.023735795454545516 0.027485795454545492
10 0.671875 0.105 0.02121951219512197 0.01746951219512194
12 0.360625 0.4075 0.031232142857142875 0.02998214285714279
