05 0.058750000000000004 0.515625 0.024983552631578962 0.016233552631578885
11 0.19 0.538125 0.022491610738255063 0.018741610738255088
11 0.47875 0.839375 0.019956896551724113 0.018706896551724084
08 0.955625 0.646875 0.026244444444444404 0.018744444444444452
05 0.933125 0.8374999999999999 0.021238095238095056 0.02248809523809514
03 0.5725 0.213125 0.014992977528089924 0.018742977528089844
08 0.15000000000000002 0.1525 0.0174950980392157 0.03499509803921569
15 0.420625 0.1925 0.013706896551724135 0.032456896551724124
03 0.013750000000000002 0.753125 0.01747844827586207 0.02372844827586229
10 0.10375000000000001 0.334375 0.019886363636363633 0.021136363636363564
09 0.268125 0.714375 0.031235795454545467 0.01873579545454529
03 0.9725 0.40437500000000004 0.022469512195121943 0.013719512195121963
