08 0.895625 0.35124999999999995 0.011233552631578991 0.01248355263157891
08 0.801875 0.108125 0.02374161073825487 0.07374161073825503
03 0.21625 0.790625 0.032456896551724124 0.036206896551724155
10 0.080625 0.920625 0.023744444444444457 0.0212444444444444
18 0.615625 0.45125 0.01873809523809533 0.02248809523809525
08 0.15187499999999998 0.66875 0.01624297752808987 0.012492977528089866
05 0.635 0.58875 0.024995098039215735 0.024995098039215735
20 0.02375 0.5662499999999999 0.024956896551724134 0.029956896551724177
15 0.28625 0.61875 0.05497844827586207 0.03747844827586211
10 0.29312499999999997 0.16062500000000002 0.021136363636363675 0.016136363636363643
10 0.6012500000000001 0.596875 0.019985795454545374 0.0187357954545454
08 0.11875 0.0225 0.01996951219512194 0.019969512195121955
