03 0.138125 0.959375 0.04123355263157895 0.04873355263157886
19 0.296875 0.536875 0.021241610738255035 0.03624161073825505
03 0.7037500000000001 0.83 0.012456896551724106 0.01745689655172411
18 0.93375 0.19875 0.022494444444444373 0.02499444444444443
01 0.296875 0.6856249999999999 0.033738095238095234 0.023738095238095114
01 0.041875 0.62125 0.021242977528089887 0.01749297752808987
03 0.20124999999999998 0.476875 0.022495098039215705 0.04374509803921567
18 0.7749999999999999 0.869375 0.019956896551724168 0.02120689655172414
13 0.8981303879310345 0.275 0.09623922413793118 0.07247844827586206
13 0.920625 0.391875 0.07363636363636372 0.03613636363636358
09 0.700625 0.75875 0.03623579545454525 0.04248579545454534
03 0.86625 0.08875 0.03246951219512195 0.04746951219512195
10 0.845625 0.9325 0.016232142857142806 0.012482142857142886
06 0.195 0.56875 0.027487499999999998 0.009987500000000038
