03 0.906875 0.39249999999999996 0.06373355263157898 0.022483552631578918
06 0.648125 0.97875 0.038741610738254995 0.01999161073825495
02 0.285625 0.7518750000000001 0.053706896551724115 0.07120689655172419
07 0.7725013888888889 0.428125 0.042497222222222186 0.018744444444444508
07 0.843125 0.515 0.04623809523809519 0.02248809523809525
07 0.311875 0.655 0.14624297752808985 0.15749297752808988
01 0.46375 0.38249999999999995 0.022495098039215677 0.02499509803921568
01 0.520625 0.23875000000000002 0.02120689655172403 0.017456896551724138
02 0.708125 0.5874999999999999 0.036228448275862135 0.024978448275862042
18 0.115625 0.316875 0.021136363636363634 0.023636363636363622
