12 0.384375 0.199375 0.028733552631578896 0.04623355263157897
03 0.215625 0.06625 0.021241610738255062 0.024991610738255024
01 0.38375000000000004 0.5193749999999999 0.02995689655172412 0.03120689655172415
07 0.2825 0.29625 0.06499444444444441 0.019994444444444426
00 0.208125 0.518125 0.028738095238095285 0.02873809523809523
18 0.7875000000000001 0.033125 0.014992977528089813 0.016242977528089887
14 0.085625 0.051875000000000004 0.056245098039215694 0.02874509803921569
09 0.6868749999999999 0.045 0.02120689655172414 0.03245689655172414
18 0.270625 0.601875 0.016228448275862062 0.018728448275862064
12 0.4474715909090909 0.489375 0.03494318181818179 0.018636363636363562
13 0.72375 0.8831249999999999 0.03998579545454528 0.07623579545454529
