11 0.32437499999999997 0.8175 0.021233552631578945 0.02498355263157892
14 0.21750000000000003 0.510625 0.03499161073825505 0.028741610738254986
17 0.48250000000000004 0.5606249999999999 0.02995689655172412 0.023706896551724088
05 0.63625 0.768125 0.014994444444444421 0.026244444444444404
03 0.544375 0.34375 0.03623809523809529 0.027488095238095256
12 0.480625 0.31875 0.03374297752808986 0.03249297752808983
03 0.31 0.88 0.017495098039215673 0.014995098039215726
03 0.509375 0.11937500000000001 0.01370689655172419 0.013706896551724135
01 0.91 0.02125 0.022478448275862206 0.01497844827586207
06 0.8787499999999999 0.34125 0.0173863636363637 0.019886363636363646
04 0.22499999999999998 0.0225 0.024985795454545462 0.017485795454545455
03 0.68625 0.16062500000000002 0.039969512195122014 0.03871951219512196
