04 0.27 0.98375 0.02998355263157898 0.022483552631578974
03 0.746875 0.424375 0.021241610738254924 0.021241610738255035
05 0.08562499999999999 0.35 0.013706896551724135 0.024956896551724117
00 0.45625000000000004 0.16249999999999998 0.024994444444444486 0.022494444444444456
01 0.5218750000000001 0.31125 0.016238095238095274 0.012488095238095298
10 0.17625000000000002 0.015624999999999998 0.022492977528089847 0.018742977528089885
17 0.073125 0.6325 0.0312450980392157 0.027495098039215682
03 0.6443749999999999 0.35750000000000004 0.01370689655172408 0.034956896551724126
07 0.935 0.744375 0.0174784482758622 0.036228448275862135
15 0.8125 0.071875 0.01738636363636381 0.01863636363636363
10 0.6612499999999999 0.671875 0.02248579545454532 0.023735795454545405
06 0.250625 0.63375 0.02121951219512197 0.022469512195121943
