20 0.15687500000000001 0.41812499999999997 0.04873355263157897 0.048733552631578914
03 0.9237500000000001 0.208125 0.06999161073825488 0.04874161073825506
06 0.26688577586206896 0.25 0.10372844827586203 0.09495689655172412
08 0.7112499999999999 0.065625 0.07999444444444437 0.04874444444444445
03 0.1975 0.958125 0.06998809523809527 0.0562380952380952
10 0.40625 0.17875 0.04249297752808989 0.04249297752808989
00 0.645 0.10062499999999999 0.04499509803921575 0.046245098039215685
01 0.573125 0.20625 0.028706896551724093 0.027456896551724147
20 0.6656249999999999 0.178125 0.018728448275862175 0.018728448275862064
01 0.59375 0.7306250000000001 0.0423863636363635 0.026136363636363735
02 0.485625 0.635625 0.06123579545454544 0.04373579545454542
09 0.8025 0.22375 0.029969512195122006 0.05246951219512197
06 0.714375 0.295625 0.10123214285714277 0.1437321428571428
