19 0.77 0.634375 0.05498355263157895 0.04623355263157891
07 0.89375 0.37375 0.049991610738254866 0.10749161073825503
00 0.139375 0.81875 0.04620689655172412 0.04745689655172414
20 0.06875 0.42937499999999995 0.01999444444444444 0.018744444444444508
03 0.6775 0.10750000000000001 0.0824880952380952 0.04748809523809523
01 0.48625 0.67375 0.03499297752808983 0.02749297752808988
03 0.93875 0.704375 0.03749509803921569 0.04374509803921567
08 0.7637499999999999 0.725625 0.032456896551724124 0.06620689655172407
17 0.39375000000000004 0.763125 0.04247844827586206 0.05122844827586215
07 0.923153409090909 0.9675 0.0661931818181819 0.06238636363636374
03 0.063125 0.49812500000000004 0.048735795454545455 0.05373579545454549
06 0.593125 0.301875 0.061219512195122006 0.03371951219512198
06 0.785625 0.085 0.061232142857142846 0.09498214285714288
03 0.021875000000000002 0.25875 0.026237500000000004 0.03748749999999998
