14 0.69625 0.035 0.08748355263157892 0.05498355263157895
03 0.558125 0.2975 0.04624161073825506 0.10249161073825505
05 0.360625 0.07 0.04370689655172416 0.06495689655172414
08 0.934375 0.24625 0.0787444444444444 0.042494444444444446
08 0.15937500000000002 0.241875 0.05373809523809525 0.11123809523809527
18 0.10062499999999999 0.75 0.048742977528089884 0.05249297752808979
09 0.225 0.725625 0.032495098039215686 0.0837450980392157
03 0.045 0.569375 0.08245689655172414 0.053706896551724115
03 0.903125 0.5375000000000001 0.03872844827586219 0.06747844827586202
06 0.2575 0.735625 0.06988636363636369 0.043636363636363695
