03 0.641875 0.94875 0.04873355263157886 0.047483552631578885
08 0.14750000000000002 0.45687500000000003 0.022491610738255036 0.043741610738255055
14 0.9012500000000001 0.38125 0.04245689655172413 0.034956896551724126
03 0.52125 0.35375 0.03499444444444455 0.0374944444444445
14 0.10062499999999999 0.026875 0.02623809523809524 0.01623809523809524
04 0.103125 0.803125 0.0337429775280899 0.0312429775280898
02 0.49 0.34187500000000004 0.03749509803921569 0.023745098039215706
14 0.5262500000000001 0.14375 0.04245689655172413 0.039956896551724116
04 0.96875 0.419375 0.032478448275862215 0.04122844827586203
02 0.215 0.875 0.03488636363636366 0.04738636363636384
15 0.718125 0.5900000000000001 0.0862357954545454 0.027485795454545436
03 0.729375 0.6856249999999999 0.03121951219512198 0.018719512195121912
04 0.291875 0.7206250000000001 0.03123214285714282 0.023732142857142757
06 0.88375 0.89 0.0849875 0.022487499999999994
