10 0.98 0.19187500000000002 0.019983552631578916 0.01873355263157897
03 0.084375 0.5193749999999999 0.04874161073825504 0.031241610738255043
00 0.9525 0.49875 0.02745689655172412 0.024956896551724173
05 0.321875 0.45499999999999996 0.018744444444444452 0.034994444444444495
02 0.7575000000000001 0.738125 0.024988095238095087 0.03873809523809513
08 0.974375 0.20875 0.028742977528089853 0.019992977528089845
04 0.17875 0.455625 0.029995098039215684 0.02624509803921571
06 0.67 0.21625 0.09995689655172413 0.009956896551724131
06 0.3 0.941875 0.049978448275862064 0.08872844827586224
00 0.045625 0.8143750000000001 0.03613636363636363 0.026136363636363735
20 0.6000000000000001 0.064375 0.02498579545454549 0.02123579545454546
