06 0.746875 0.559375 0.04123355263157891 0.016233552631578885
08 0.5525 0.6799999999999999 0.014991610738255057 0.014991610738254946
01 0.1275 0.8 0.019956896551724126 0.012456896551724106
03 0.443125 0.54375 0.05124444444444448 0.04499444444444445
15 0.903125 0.103125 0.03373809523809512 0.018738095238095234
19 0.48624999999999996 0.4575 0.024992977528089877 0.019992977528089872
03 0.643125 0.3325 0.03374509803921566 0.027495098039215682
03 0.364375 0.485625 0.0337068965517241 0.0362068965517241
01 0.365 0.011250000000000001 0.022478448275862095 0.01747844827586207
03 0.1825 0.7731250000000001 0.07238636363636367 0.043636363636363806
20 0.416875 0.615 0.013735795454545507 0.01498579545454548
13 0.67875 0.799375 0.08496951219512194 0.07871951219512197
03 0.788125 0.310625 0.02123214285714281 0.026232142857142815
03 0.16499999999999998 0.8474999999999999 0.027487500000000026 0.10248749999999995
