03 0.345 0.5231250000000001 0.05498355263157895 0.02123355263157889
06 0.316875 0.07125000000000001 0.03874161073825505 0.02749161073825504
01 0.25 0.7381249999999999 0.03745689655172413 0.023706896551724088
03 0.909375 0.3575 0.021244444444444288 0.047494444444444506
03 0.235 0.065625 0.014988095238095273 0.07873809523809523
01 0.2 0.9043749999999999 0.022492977528089847 0.023742977528089848
03 0.8300000000000001 0.7093750000000001 0.052495098039215704 0.10624509803921567
02 0.525 0.1625 0.04495689655172419 0.054956896551724144
06 0.928125 0.50125 0.011228448275862224 0.12497844827586202
03 0.81125 0.385625 0.06988636363636369 0.026136363636363624
14 0.66 0.924375 0.037485795454545334 0.06623579545454528
14 0.41375 0.958125 0.029969512195122006 0.03871951219512204
15 0.62625 0.618125 0.0374821428571428 0.026232142857142815
