04 0.90625 0.20750000000000002 0.03998355263157882 0.03498355263157896
15 0.095 0.348125 0.04249161073825504 0.04624161073825506
06 0.725010775862069 0.441875 0.07247844827586203 0.011206896551724133
03 0.11937500000000001 0.221875 0.026244444444444473 0.04624444444444442
20 0.450625 0.745 0.023738095238095225 0.02248809523809503
14 0.875 0.65 0.06499297752808975 0.06749297752808991
03 0.8075 0.5475 0.06749509803921572 0.024995098039215735
07 0.495 0.61625 0.014956896551724164 0.05995689655172409
20 0.45125 0.49874999999999997 0.039978448275862055 0.03497844827586205
03 0.7793749999999999 0.04375 0.028636363636363682 0.027386363636363632
03 0.10875000000000001 0.06562499999999999 0.05248579545454547 0.023735795454545447
14 0.891875 0.465 0.02121951219512197 0.057469512195121975
18 0.020624999999999998 0.334375 0.028732142857142855 0.031232142857142875
