18 0.8006249999999999 0.133125 0.018733552631578942 0.02123355263157893
08 0.5331250000000001 0.76625 0.03374161073825499 0.024991610738254844
07 0.45125 0.108125 0.012456896551724106 0.07620689655172413
14 0.61875 0.295625 0.029994444444444435 0.038744444444444415
06 0.224375 0.75375 0.016238095238095274 0.027488095238095145
11 0.138125 0.66875 0.031242977528089896 0.029992977528089937
03 0.400625 0.754375 0.02624509803921571 0.03624509803921572
11 0.404375 0.4475 0.026206896551724146 0.022456896551724115
03 0.59875 0.563125 0.014978448275862144 0.028728448275862073
03 0.438125 0.9375 0.023636363636363622 0.02488636363636365
14 0.4681214488636364 0.305625 0.03874289772727274 0.031235795454545467
