11 0.603125 0.488125 0.04873355263157886 0.031233552631578898
05 0.784375 0.64375 0.04874161073825489 0.03249161073825502
14 0.290625 0.41812499999999997 0.05870689655172412 0.023706896551724144
19 0.6387499999999999 0.825 0.03499444444444444 0.04249444444444428
03 0.374375 0.410625 0.046238095238095245 0.031238095238095287
02 0.640625 0.499375 0.07124297752808983 0.09374297752808985
15 0.174375 0.411875 0.05374509803921568 0.021245098039215704
05 0.3 0.876875 0.02745689655172412 0.05870689655172412
09 0.96375 0.365 0.03497844827586216 0.04497844827586206
03 0.950625 0.071875 0.08613636363636379 0.02863636363636364
