09 0.70625 0.7406250000000001 0.04498355263157883 0.051233552631578916
09 0.669375 0.5875 0.038741610738254884 0.04749161073825503
13 0.700625 0.38312500000000005 0.07370689655172413 0.13370689655172413
18 0.804375 0.319375 0.033744444444444355 0.03624444444444441
06 0.8081220238095238 0.440625 0.0587440476190475 0.10623809523809524
10 0.655 0.833125 0.03749297752808989 0.04124297752808981
12 0.6924999999999999 0.869375 0.042495098039215695 0.04874509803921567
14 0.6225 0.93125 0.06245689655172415 0.03495689655172418
13 0.34625 0.8775 0.10497844827586211 0.04747844827586223
03 0.58375 0.48125 0.03488636363636366 0.039886363636363664
03 0.11374999999999999 0.313125 0.05998579545454545 0.05623579545454549
07 0.6799999999999999 0.9043749999999999 0.06496951219512204 0.026219512195121975
