12 0.505 0.78625 0.08748355263157892 0.114983552631579
10 0.701875 0.34125 0.0537416107382549 0.03999161073825508
05 0.04687500000000001 0.704375 0.06370689655172415 0.028706896551724093
03 0.52125 0.84875 0.062494444444444464 0.022494444444444373
06 0.85375 0.793125 0.04998809523809511 0.01873809523809511
03 0.50625 0.20124999999999998 0.1799929775280899 0.04999297752808987
13 0.768125 0.615625 0.08124509803921576 0.13874509803921575
06 0.509375 0.806875 0.19370689655172413 0.05120689655172406
07 0.63875 0.6143750000000001 0.019978448275862037 0.08122844827586218
03 0.18059659090909091 0.48812500000000003 0.04119318181818182 0.048636363636363644
09 0.9225 0.7575000000000001 0.08248579545454526 0.07248579545454537
