14 0.295625 0.6443749999999999 0.04623355263157897 0.033733552631578845
08 0.041874999999999996 0.56125 0.021241610738255028 0.02999161073825507
09 0.571875 0.45687500000000003 0.036206896551724155 0.048706896551724166
05 0.731875 0.221875 0.016244444444444395 0.03624444444444444
03 0.83375 0.299375 0.02998809523809509 0.01873809523809522
06 0.7975000000000001 0.78375 0.022492977528089875 0.014992977528089813
03 0.495 0.32499999999999996 0.059995098039215655 0.01499509803921567
00 0.04875 0.019375 0.022456896551724143 0.013706896551724137
03 0.5700000000000001 0.204375 0.00997844827586214 0.02622844827586207
13 0.379375 0.05562500000000001 0.03863636363636358 0.05863636363636364
15 0.19374999999999998 0.141875 0.027485795454545464 0.038735795454545474
