03 0.30437499999999995 0.71625 0.04373355263157891 0.05998355263157895
06 0.93875 0.31875 0.01999161073825495 0.10999161073825509
15 0.41812499999999997 0.311875 0.02620689655172409 0.01870689655172414
08 0.14250000000000002 0.950625 0.029994444444444462 0.03874444444444436
04 0.040625 0.275625 0.036238095238095236 0.028738095238095285
11 0.48 0.76625 0.03249297752808983 0.03249297752808977
03 0.56375 0.565625 0.049995098039215646 0.05124509803921573
02 0.149375 0.9225 0.051206896551724126 0.08995689655172412
20 0.81125 0.72125 0.022478448275862206 0.0174784482758622
14 0.676875 0.89375 0.04613636363636364 0.04238636363636372
03 0.115 0.076875 0.04498579545454548 0.05123579545454545
