06 0.186875 0.6025 0.013733552631578966 0.04498355263157894
03 0.46499999999999997 0.719375 0.03249161073825507 0.07624161073825486
03 0.800625 0.38125 0.046206896551724164 0.03745689655172413
18 0.15437499999999998 0.8343750000000001 0.02624444444444443 0.02874444444444435
20 0.15000000000000002 0.9293750000000001 0.027488095238095228 0.02623809523809506
03 0.505625 0.20937499999999998 0.023742977528089904 0.07124297752808986
11 0.481875 0.7 0.02624509803921571 0.03499509803921563
19 0.459375 0.86625 0.013706896551724135 0.032456896551724124
06 0.49625 0.8162499999999999 0.022478448275862095 0.039978448275862166
03 0.6018749999999999 0.78625 0.016136363636363504 0.039886363636363775
08 0.15812500000000002 0.045 0.02373579545454549 0.057485795454545456
03 0.745 0.97 0.06496951219512193 0.04246951219512196
