06 0.8374999999999999 0.144375 0.009983552631578907 0.02873355263157895
04 0.23125 0.47187500000000004 0.02749161073825504 0.023741610738255037
09 0.31125 0.245 0.052456896551724086 0.03995689655172416
06 0.411875 0.25 0.02874444444444446 0.08749444444444443
19 0.94 0.704375 0.009988095238095185 0.016238095238095163
08 0.209375 0.97 0.01374297752808984 0.04249297752808989
04 0.6625000000000001 0.7375 0.032495098039215686 0.027495098039215682
06 0.0625 0.4075 0.10995689655172414 0.017456896551724166
06 0.5387500000000001 0.18375 0.014978448275862033 0.027478448275862044
03 0.35875 0.1775 0.0323863636363636 0.029886363636363683
06 0.084375 0.2975 0.08623579545454546 0.017485795454545483
