10 0.463125 0.736875 0.0337335526315789 0.023733552631578836
04 0.584375 0.13624999999999998 0.03624161073825505 0.024991610738255038
04 0.39125 0.2025 0.02995689655172412 0.01995689655172414
14 0.67875 0.9762500000000001 0.019994444444444315 0.03499444444444444
03 0.38625 0.7206250000000001 0.03998809523809527 0.051238095238095194
08 0.45125000000000004 0.7525 0.019992977528089872 0.03749297752808978
12 0.545625 0.6412500000000001 0.03374509803921566 0.06249509803921571
09 0.7106250000000001 0.66625 0.028706896551724204 0.03495689655172418
03 0.63625 0.611875 0.02747844827586221 0.03872844827586197
15 0.93375 0.076875 0.029886363636363766 0.038636363636363635
06 0.6556249999999999 0.17249644886363635 0.07873579545454545 0.054992897727272755
