11 0.465625 0.9612499999999999 0.0362335526315789 0.03498355263157882
13 0.11937500000000001 0.370625 0.09874161073825505 0.16624161073825505
19 0.438125 0.59375 0.036206896551724155 0.029956896551724066
03 0.23812499999999998 0.201875 0.0562444444444444 0.06624444444444444
20 0.96875 0.44125000000000003 0.017488095238095136 0.012488095238095298
00 0.73875 0.656875 0.039992977528089835 0.04124297752808981
10 0.07 0.046875 0.02999509803921569 0.021245098039215683
15 0.8668642241379311 0.176875 0.018728448275862064 0.031206896551724123
06 0.781875 0.8487446120689655 0.07122844827586228 0.06748922413793113
13 0.39437500000000003 0.713125 0.028636363636363626 0.05863636363636382
14 0.7825 0.55625 0.04248579545454534 0.029985795454545494
15 0.064375 0.154375 0.03121951219512195 0.026219512195121975
03 0.49375 0.96875 0.04998214285714281 0.02498214285714284
