20 0.8025 0.5606249999999999 0.05248355263157889 0.04873355263157897
02 0.13125 0.7931250000000001 0.04249161073825504 0.07124161073825486
13 0.483125 0.301875 0.20620689655172414 0.20370689655172414
14 0.42625 0.14937499999999998 0.0374944444444445 0.03874444444444444
00 0.88125 0.195 0.06748809523809518 0.047488095238095274
13 0.565 0.871875 0.14999297752808982 0.10374297752808992
18 0.7406250000000001 0.8 0.04374509803921567 0.0474950980392157
02 0.299375 0.8006249999999999 0.1062068965517241 0.0337068965517241
03 0.093125 0.4025 0.04872844827586206 0.10747844827586206
02 0.675 0.33375 0.1423863636363636 0.07988636363636364
08 0.46125 0.258125 0.05248579545454546 0.2162357954545455
01 0.7649999999999999 0.838125 0.047469512195121966 0.04871951219512205
07 0.20249999999999999 0.373125 0.12248214285714282 0.05123214285714284
