03 0.6725 0.540625 0.014983552631578911 0.026233552631578894
10 0.0475 0.973125 0.02499161073825503 0.018741610738254977
12 0.53875 0.35875 0.03745689655172413 0.03745689655172413
18 0.89625 0.2975 0.022494444444444373 0.02499444444444443
15 0.85625 0.299375 0.02248809523809514 0.0462380952380953
08 0.640625 0.894375 0.0312429775280898 0.018742977528089844
03 0.848125 0.25 0.013745098039215753 0.034995098039215716
03 0.954375 0.30374999999999996 0.023706896551724088 0.09245689655172412
03 0.685 0.351875 0.03747844827586222 0.02372844827586207
03 0.139375 0.49 0.013636363636363613 0.029886363636363544
