18 0.440625 0.176875 0.016233552631578885 0.01873355263157897
07 0.8849979026845637 0.5818749999999999 0.017495805369127426 0.031241610738255043
03 0.043125000000000004 0.120625 0.028706896551724138 0.026206896551724118
14 0.73875 0.600625 0.019994444444444426 0.036244444444444524
08 0.1 0.14500000000000002 0.012488095238095229 0.01998809523809522
02 0.6981250000000001 0.489375 0.023742977528089848 0.023742977528089793
11 0.58375 0.5643750000000001 0.022495098039215677 0.02374509803921565
01 0.26 0.738125 0.024956896551724117 0.018706896551724084
06 0.7675000000000001 0.28875 0.00997844827586214 0.06497844827586208
00 0.950625 0.09375 0.018636363636363673 0.01238636363636364
20 0.43 0.90875 0.019985795454545485 0.014985795454545259
08 0.83875 0.16625 0.022469512195121943 0.04246951219512196
