03 0.5762499999999999 0.271875 0.0724835526315789 0.04873355263157894
12 0.5825 0.024375 0.042491610738255026 0.04124161073825503
20 0.45875 0.726875 0.019956896551724113 0.016206896551724137
06 0.5175000000000001 0.6918736111111111 0.06249444444444452 0.05124722222222222
03 0.45875 0.979375 0.03998809523809527 0.02623809523809517
20 0.20124999999999998 0.853125 0.029992977528089854 0.026242977528089906
04 0.923125 0.38875000000000004 0.031245098039215713 0.02499509803921568
15 0.1 0.505625 0.027456896551724133 0.04870689655172411
06 0.2425 0.259375 0.027478448275862072 0.023728448275862096
14 0.38625 0.23812499999999998 0.04238636363636361 0.03863636363636366
