03 0.263125 0.860625 0.051233552631579 0.02873355263157895
18 0.65625 0.97875 0.02999161073825496 0.032491610738254906
15 0.671875 0.29375 0.046206896551724164 0.05245689655172414
08 0.25187499999999996 0.08937500000000001 0.0237444444444444 0.026244444444444445
03 0.8887499999999999 0.31000000000000005 0.03248809523809515 0.04498809523809527
03 0.24875000000000003 0.65125 0.029992977528089854 0.1099929775280899
13 0.8981250000000001 0.775 0.04124509803921572 0.08749509803921574
19 0.27875 0.83125 0.0649568965517241 0.03495689655172407
13 0.536875 0.195625 0.07872844827586206 0.04872844827586206
03 0.95 0.32499999999999996 0.06738636363636374 0.03988636363636361
08 0.284375 0.83125 0.061235795454545494 0.07498579545454531
