03 0.770625 0.12687500000000002 0.01873355263157883 0.03873355263157893
08 0.03125 0.856875 0.014991610738255029 0.03374161073825499
09 0.5587500000000001 0.5775 0.029956896551724177 0.024956896551724173
05 0.22312500000000002 0.40875 0.01374444444444442 0.03249444444444449
09 0.9762500000000001 0.8668750000000001 0.014988095238095078 0.021238095238095167
03 0.8456250000000001 0.0225 0.011242977528089892 0.02749297752808989
06 0.525625 0.1375 0.013745098039215753 0.0174950980392157
14 0.11499999999999999 0.808125 0.037456896551724114 0.02120689655172414
18 0.4475 0.11 0.019978448275862037 0.022478448275862067
06 0.3275 0.7849999999999999 0.009886363636363582 0.0648863636363638
03 0.025625000000000002 0.21000000000000002 0.016235795454545458 0.02248579545454546
05 0.55 0.9099999999999999 0.014969512195121992 0.03746951219512196
07 0.84875 0.144375 0.05248214285714292 0.018732142857142864
03 0.9162468749999999 0.755625 0.027493749999999983 0.026237500000000025
