15 0.101875 0.524375 0.013733552631578938 0.0362335526315789
18 0.571875 0.49312500000000004 0.013741610738255083 0.016241610738255086
18 0.4925 0.46875 0.014956896551724164 0.01745689655172411
10 0.5025000000000001 0.3025 0.017494444444444535 0.017494444444444424
03 0.044375 0.15750000000000003 0.028738095238095236 0.05998809523809526
03 0.460625 0.983125 0.028742977528089853 0.016242977528089897
18 0.5375000000000001 0.18562499999999998 0.012495098039215669 0.016245098039215672
03 0.8587499999999999 0.9762500000000001 0.022456896551724115 0.022456896551724115
11 0.343125 0.26125 0.02622844827586207 0.017478448275862035
09 0.36375 0.9281250000000001 0.01988636363636359 0.01363636363636378
05 0.0825 0.044375 0.024985795454545462 0.02623579545454545
19 0.775 0.43062500000000004 0.009969512195121988 0.013719512195121963
03 0.544375 0.186875 0.018732142857142864 0.016232142857142834
03 0.796875 0.450625 0.04123750000000004 0.036237500000000034
