06 0.776875 0.7268749999999999 0.06873355263157888 0.01123355263157888
14 0.6825 0.24375 0.03499161073825485 0.05499161073825504
18 0.59875 0.733125 0.01745689655172411 0.018706896551724084
03 0.528125 0.919375 0.013744444444444448 0.031244444444444297
06 0.615625 0.90125 0.07623809523809522 0.062488095238095065
15 0.50625 0.5475 0.007492977528089861 0.024992977528089932
03 0.696875 0.669375 0.028745098039215655 0.018745098039215757
04 0.25875000000000004 0.27125 0.02995689655172412 0.02745689655172412
06 0.895 0.47 0.022478448275862206 0.02247844827586204
01 0.8518749999999999 0.9606250000000001 0.016136363636363726 0.016136363636363726
03 0.42874999999999996 0.336875 0.012485795454545479 0.03623579545454547
03 0.8275 0.17875 0.04246951219512196 0.01246951219512199
09 0.033749999999999995 0.13874999999999998 0.03998214285714285 0.02498214285714287
