03 0.860625 0.30499999999999994 0.031233552631578898 0.042483552631578936
20 0.905625 0.021249999999999998 0.018741610738254977 0.019991610738255033
03 0.06937499999999999 0.5549999999999999 0.013706896551724149 0.01745689655172422
06 0.42000000000000004 0.2425 0.034994444444444495 0.04499444444444442
03 0.47750000000000004 0.45125000000000004 0.03498809523809526 0.01998809523809525
14 0.018125000000000002 0.21625 0.02624297752808989 0.02749297752808985
20 0.733125 0.44937499999999997 0.0162450980392157 0.013745098039215697
06 0.469375 0.37625 0.013706896551724135 0.024956896551724117
11 0.659375 0.754375 0.021228448275862122 0.01622844827586223
07 0.09125 0.484375 0.037386363636363634 0.05363636363636365
