06 0.915 0.924375 0.019983552631578916 0.018733552631578942
03 0.39 0.385 0.03999161073825502 0.03249161073825502
14 0.22375 0.11875 0.04245689655172413 0.04745689655172412
07 0.506875 0.840625 0.02874444444444446 0.043744444444444364
03 0.23875 0.150625 0.08248809523809525 0.023738095238095225
20 0.835625 0.49750000000000005 0.028742977528089853 0.019992977528089872
07 0.6243749999999999 0.949998774509804 0.04374509803921567 0.07749754901960781
03 0.625625 0.23062500000000002 0.018706896551724084 0.03870689655172413
05 0.05561961206896551 0.255625 0.02373922413793103 0.031228448275862075
03 0.760625 0.829375 0.016136363636363837 0.02363636363636379
06 0.07125 0.22125 0.01248579545454545 0.05748579545454546
03 0.35375 0.22125 0.03496951219512201 0.03246951219512198
