14 0.275625 0.30937499999999996 0.02873355263157895 0.031233552631578954
04 0.348125 0.309375 0.03874161073825505 0.03624161073825505
06 0.750010775862069 0.173125 0.104978448275862 0.07370689655172413
03 0.903125 0.9125000000000001 0.043744444444444364 0.037494444444444386
16 0.9325 0.708125 0.07248809523809507 0.04623809523809519
00 0.6675 0.325 0.03499297752808983 0.03499297752808983
08 0.5325 0.711875 0.05499509803921565 0.07624509803921564
20 0.026875 0.74125 0.023706896551724137 0.01745689655172411
03 0.16062500000000002 0.116875 0.04872844827586206 0.05122844827586205
03 0.47875 0.606875 0.04988636363636356 0.0686363636363636
03 0.455 0.641875 0.037485795454545445 0.04623579545454537
06 0.21000000000000002 0.6525000000000001 0.037469512195121984 0.01746951219512194
