03 0.5600041118421053 0.35250000000000004 0.007491776315789456 0.017483552631578914
04 0.5625 0.33499999999999996 0.024991610738255066 0.02499161073825501
03 0.559375 0.910625 0.008706896551724186 0.046206896551724164
03 0.5325 0.19 0.009994444444444528 0.057494444444444404
05 0.016875 0.7575 0.018738095238095238 0.017488095238095136
11 0.91125 0.22 0.022492977528089764 0.019992977528089872
08 0.8362499999999999 0.234375 0.024995098039215624 0.02874509803921571
00 0.49124999999999996 0.08249999999999999 0.014956896551724108 0.012456896551724148
03 0.16999999999999998 0.07875 0.027478448275862072 0.029978448275862074
03 0.930625 0.0925 0.018636363636363673 0.01238636363636364
