03 0.59875 0.361875 0.027483552631578867 0.06373355263157887
03 0.156875 0.155625 0.04374161073825503 0.06374161073825504
10 0.306875 0.343125 0.0337068965517241 0.03120689655172415
14 0.693125 0.1125 0.06874444444444427 0.044994444444444476
10 0.238125 0.7706249999999999 0.038738095238095294 0.03373809523809512
03 0.24125000000000002 0.780625 0.019992977528089845 0.036242977528089915
07 0.339375 0.19437500000000002 0.0812450980392157 0.09374509803921569
04 0.155 0.92125 0.04745689655172414 0.024956896551724173
11 0.486875 0.46875 0.036228448275862024 0.029978448275862046
18 0.274375 0.583125 0.028636363636363682 0.031136363636363518
06 0.40249999999999997 0.675625 0.042485795454545505 0.07123579545454528
03 0.2225076219512195 0.1262423780487805 0.05248475609756098 0.04498475609756099
