14 0.8218749999999999 0.083125 0.02123355263157889 0.016233552631578954
03 0.6174999999999999 0.4525 0.01999161073825506 0.03249161073825507
06 0.900625 0.68375 0.0387068965517241 0.07995689655172411
09 0.074375 0.763125 0.02124444444444444 0.04874444444444437
06 0.793125 0.8625 0.016238095238095163 0.027488095238095145
18 0.201875 0.22125 0.01374297752808984 0.01749297752808987
01 0.399375 0.10250000000000001 0.021245098039215704 0.014995098039215685
15 0.955625 0.59875 0.028706896551724204 0.019956896551724057
03 0.093125 0.20875 0.018728448275862064 0.019978448275862065
03 0.9293750000000001 0.535625 0.0486363636363637 0.03613636363636363
20 0.49124999999999996 0.04625 0.027485795454545492 0.024985795454545455
18 0.575625 0.30625 0.016219512195121966 0.01996951219512194
19 0.9625 0.578125 0.01748214285714278 0.026232142857142815
04 0.87875 0.381875 0.019987500000000047 0.02123750000000002
