03 0.72 0.858125 0.037483552631578876 0.033733552631578956
07 0.916875 0.6525 0.031241610738254932 0.009991610738254941
01 0.8500000000000001 0.424375 0.019956896551724168 0.01370689655172408
13 0.8143750000000001 0.48875 0.02874444444444435 0.01999444444444448
19 0.5562499999999999 0.223125 0.017488095238095247 0.018738095238095276
00 0.06125 0.49375 0.01749297752808989 0.01749297752808987
03 0.62375 0.43437499999999996 0.024995098039215735 0.013745098039215697
03 0.32437499999999997 0.3725 0.023706896551724144 0.01745689655172411
08 0.35375 0.614375 0.012478448275862086 0.028728448275862073
08 0.19002840909090907 0.044375 0.017443181818181858 0.03613636363636363
20 0.28312499999999996 0.79125 0.013735795454545452 0.012485795454545312
