10 0.850625 0.798125 0.031233552631578898 0.026233552631578894
15 0.8243750000000001 0.956875 0.026241610738254928 0.04374161073825489
13 0.213125 0.36375 0.08870689655172415 0.054956896551724144
03 0.22625 0.505625 0.03499444444444444 0.08124444444444445
08 0.33 0.900625 0.05248809523809528 0.03873809523809513
13 0.89625 0.47375 0.014992977528089924 0.039992977528089835
14 0.241875 0.056875 0.018745098039215674 0.0312450980392157
03 0.38875 0.9824999999999999 0.022456896551724115 0.029956896551724177
02 0.5743750000000001 0.7050000000000001 0.016228448275862006 0.06747844827586225
10 0.745625 0.775 0.023636363636363678 0.022386363636363704
14 0.77875 0.23125 0.04748579545454523 0.052485795454545486
06 0.55375 0.180625 0.06996951219512193 0.07621951219512196
10 0.951875 0.9043749999999999 0.026232142857142815 0.028732142857142873
