03 0.8106249999999999 0.755625 0.07623355263157883 0.033733552631578956
15 0.069375 0.35375 0.031241610738255043 0.024991610738255066
04 0.95875 0.828125 0.032456896551724124 0.036206896551724155
03 0.38625 0.6537499999999999 0.04999444444444451 0.05999444444444446
12 0.136875 0.6975 0.036238095238095236 0.054988095238095114
03 0.845 0.07125000000000001 0.07499297752808987 0.03249297752808989
07 0.5800000000000001 0.18562499999999998 0.06499509803921566 0.028745098039215683
03 0.9450000000000001 0.7675000000000001 0.049956896551724195 0.09745689655172407
00 0.45999999999999996 0.47750000000000004 0.04247844827586206 0.03247844827586205
02 0.845 0.15000000000000002 0.029886363636363766 0.04738636363636364
12 0.339375 0.109375 0.04373579545454548 0.04373579545454548
06 0.027499999999999997 0.20124999999999998 0.03496951219512195 0.09996951219512193
07 0.57875 0.63375 0.03498214285714285 0.022482142857142784
15 0.8875 0.7175 0.022487499999999994 0.03748750000000001
