03 0.563125 0.808125 0.03873355263157885 0.07123355263157893
03 0.405625 0.22749999999999998 0.018741610738255032 0.02749161073825504
08 0.791875 0.24874999999999997 0.026206896551724146 0.04745689655172411
13 0.478125 0.101875 0.05624444444444454 0.07624444444444443
00 0.3925 0.640625 0.02248809523809525 0.023738095238095225
14 0.7424999999999999 0.08249999999999999 0.04499297752808984 0.017492977528089884
13 0.7256262254901961 0.7 0.03874754901960786 0.042495098039215695
02 0.1475 0.24875000000000003 0.04245689655172413 0.012456896551724134
04 0.9025000000000001 0.5800000000000001 0.024978448275862264 0.024978448275862042
03 0.30125 0.66875 0.029886363636363655 0.019886363636363757
03 0.08125 0.9725 0.027485795454545464 0.04998579545454529
03 0.15750000000000003 0.24125 0.017469512195121967 0.01996951219512194
