19 0.381875 0.34562499999999996 0.02123355263157889 0.04373355263157891
02 0.0675 0.15625 0.052491610738255035 0.04749161073825503
01 0.284375 0.853125 0.026206896551724146 0.028706896551724093
17 0.41375 0.73375 0.05249444444444451 0.05749444444444429
10 0.0775 0.37187499999999996 0.027488095238095228 0.02373809523809528
15 0.44375 0.853125 0.01249297752808981 0.018742977528089844
03 0.51 0.8925000000000001 0.03749509803921569 0.07499509803921567
14 0.945635775862069 0.7168749999999999 0.053728448275862095 0.0337068965517241
03 0.583125 0.156875 0.053728448275861984 0.04622844827586206
10 0.766875 0.033125 0.016136363636363726 0.011136363636363632
15 0.026874999999999996 0.8425 0.03373579545454545 0.06748579545454536
14 0.7025 0.226875 0.04496951219512191 0.028719512195121977
09 0.48 0.770625 0.019982142857142837 0.05873214285714279
