01 0.429375 0.14375 0.013733552631578938 0.014983552631578939
12 0.09187500000000001 0.44999999999999996 0.02374161073825505 0.04999161073825503
03 0.474375 0.9568749999999999 0.05620689655172412 0.03120689655172415
11 0.714375 0.07375000000000001 0.0212444444444444 0.01749444444444445
01 0.8625 0.98375 0.02248809523809514 0.017488095238095136
04 0.433125 0.9393750000000001 0.01624297752808984 0.016242977528089786
08 0.79125 0.46499999999999997 0.032495098039215686 0.019995098039215675
05 0.173125 0.124375 0.026206896551724146 0.021206896551724114
09 0.421875 0.806875 0.02372844827586207 0.036228448275862135
08 0.5725 0.334375 0.027386363636363598 0.013636363636363613
01 0.509375 0.70375 0.01123579545454545 0.01498579545454537
