20 0.21375 0.356875 0.03998355263157899 0.04123355263157891
08 0.12687500000000002 0.18999790268456376 0.08124161073825506 0.05249580536912751
20 0.64625 0.684375 0.05245689655172414 0.05120689655172417
03 0.26 0.255625 0.037494444444444414 0.04874444444444445
03 0.891875 0.17375000000000002 0.021238095238095167 0.047488095238095246
15 0.545 0.215625 0.029992977528089826 0.08124297752808987
14 0.170625 0.186875 0.06374509803921569 0.0462450980392157
20 0.28375 0.43562500000000004 0.02745689655172412 0.023706896551724144
08 0.88625 0.11000000000000001 0.07247844827586225 0.03747844827586207
14 0.433125 0.26937500000000003 0.031136363636363573 0.0461363636363637
20 0.6325000000000001 0.2025 0.0499857954545454 0.03748579545454547
13 0.42874999999999996 0.7906249999999999 0.204969512195122 0.07871951219512197
