05 0.250625 0.6712499999999999 0.03123355263157898 0.0624835526315789
05 0.12375 0.08375 0.04499161073825504 0.05999161073825504
11 0.370625 0.22125 0.05620689655172412 0.054956896551724144
08 0.28812499999999996 0.48812500000000003 0.03374444444444441 0.023744444444444512
03 0.5975 0.6437499999999999 0.08498809523809525 0.05748809523809517
14 0.934375 0.28312499999999996 0.07624297752808984 0.05124297752808987
20 0.15812500000000002 0.963125 0.043745098039215696 0.028745098039215655
02 0.410625 0.51375 0.06370689655172412 0.14245689655172417
19 0.291875 0.47125 0.07372844827586206 0.03497844827586205
05 0.6412500000000001 0.35062499999999996 0.04988636363636367 0.03613636363636358
04 0.66875 0.8418749999999999 0.054985795454545294 0.051235795454545374
03 0.95625 0.9281250000000001 0.057469512195121975 0.06871951219512196
03 0.8025 0.629375 0.04248214285714291 0.0637321428571429
