12 0.16562500000000002 0.75125 0.033733552631578956 0.03498355263157893
13 0.345 0.380625 0.027491610738255068 0.09374161073825504
06 0.9143749999999999 0.36 0.0812068965517242 0.022456896551724115
03 0.13 0.1225 0.027494444444444446 0.039994444444444444
03 0.031875 0.258125 0.043738095238095236 0.021238095238095278
06 0.951875 0.9768749999999999 0.023742977528089848 0.01374297752808984
18 0.489375 0.8875 0.018745098039215646 0.01999509803921573
10 0.07625 0.08937500000000001 0.014956896551724136 0.013706896551724121
11 0.295625 0.830625 0.028728448275862017 0.018728448275862175
10 0.50875 0.55375 0.012386363636363584 0.012386363636363584
08 0.3225 0.8200000000000001 0.012485795454545479 0.0499857954545454
13 0.844375 0.9393750000000001 0.0662195121951219 0.043719512195122046
03 0.65125 0.9199999999999999 0.014982142857142833 0.0274821428571429
