06 0.41375411184210525 0.4275 0.01249177631578946 0.04498355263157894
06 0.864375 0.17874790268456375 0.111241610738255 0.03249580536912752
18 0.905625 0.979375 0.01370689655172419 0.016206896551724137
14 0.31875 0.40249999999999997 0.01999444444444448 0.017494444444444535
06 0.3031220238095238 0.8362499999999999 0.03624404761904765 0.03998809523809521
11 0.124375 0.1575 0.026242977528089878 0.024992977528089877
03 0.940625 0.6000000000000001 0.021245098039215704 0.042495098039215695
13 0.513125 0.296875 0.06120689655172418 0.023706896551724088
03 0.794375 0.403125 0.03122844827586213 0.04622844827586203
03 0.305625 0.5825 0.03113636363636363 0.04488636363636367
03 0.53125 0.17875000000000002 0.01748579545454554 0.02248579545454546
