20 0.64 0.20625 0.027483552631578867 0.01748355263157897
05 0.505625 0.33187500000000003 0.04624161073825506 0.023741610738255037
03 0.684375 0.171875 0.016206896551724137 0.041206896551724104
09 0.3775 0.805625 0.03249444444444449 0.05374444444444437
07 0.8275 0.97 0.04748809523809516 0.019988095238095083
07 0.5756267556179775 0.841875 0.07374648876404499 0.04874297752808987
11 0.110625 0.118125 0.04374509803921568 0.028745098039215683
13 0.475 0.213125 0.0674568965517241 0.10370689655172416
03 0.136875 0.13375 0.06622844827586205 0.044978448275862074
03 0.9099715909090909 0.9175 0.04494318181818191 0.024886363636363762
15 0.27874644886363636 0.30062500000000003 0.024992897727272756 0.018735795454545456
14 0.29625 0.81875 0.03246951219512195 0.022469512195121943
01 0.45687500000000003 0.9824999999999999 0.01873214285714281 0.019982142857142837
