14 0.30625 0.08312499999999999 0.024983552631578976 0.10623355263157894
20 0.648125 0.83125 0.04124161073825494 0.042491610738254915
09 0.829375 0.87 0.10870689655172416 0.03495689655172418
08 0.6637500000000001 0.375 0.017494444444444368 0.029994444444444546
15 0.570625 0.88625 0.01123809523809527 0.02998809523809509
14 0.09874999999999999 0.29874999999999996 0.05999297752808988 0.062492977528089855
06 0.6699999999999999 0.590623774509804 0.08249509803921573 0.1612475490196078
14 0.1725 0.17125 0.03745689655172413 0.06995689655172413
01 0.588125 0.5700000000000001 0.03122844827586202 0.02747844827586199
02 0.111875 0.54 0.08363636363636363 0.027386363636363598
09 0.536875 0.483125 0.02873579545454552 0.051235795454545485
10 0.2525 0.4 0.05246951219512197 0.04996951219512197
