20 0.103125 0.063125 0.05373355263157896 0.043733552631578944
10 0.95875 0.311875 0.04999161073825498 0.04874161073825506
06 0.693125 0.613114224137931 0.1737068965517241 0.03872844827586208
06 0.21375 0.16499999999999998 0.049994444444444425 0.029994444444444462
00 0.5349999999999999 0.09375 0.05998809523809523 0.04998809523809522
08 0.073125 0.528125 0.03874297752808988 0.09624297752808986
18 0.919375 0.70875 0.04374509803921567 0.04499509803921575
03 0.7175 0.8574999999999999 0.08245689655172417 0.09745689655172407
18 0.7906249999999999 0.55625 0.03872844827586219 0.042478448275862
08 0.15750000000000003 0.785625 0.04488636363636364 0.11113636363636381
01 0.0275 0.833125 0.032485795454545455 0.0287357954545453
06 0.7737499999999999 0.874375 0.07496951219512205 0.023719512195121917
