03 0.46875 0.43500000000000005 0.16248355263157888 0.17248355263157894
08 0.328125 0.33687500000000004 0.05124161073825506 0.12874161073825502
00 0.923125 0.1875 0.05620689655172417 0.054956896551724144
11 0.92875 0.64125 0.05999444444444435 0.06249444444444441
03 0.660625 0.185 0.08873809523809528 0.13498809523809527
07 0.14437499999999998 0.93375 0.18624297752808985 0.08999297752808988
03 0.2762512254901961 0.313125 0.10999754901960784 0.023745098039215706
14 0.173125 0.24000000000000002 0.13620689655172413 0.04995689655172414
06 0.080625 0.175 0.06372844827586205 0.14747844827586207
02 0.875625 0.580625 0.05863636363636382 0.0586363636363636
03 0.708125 0.101875 0.11873579545454538 0.08373579545454544
