12 0.926875 0.1925 0.04873355263157886 0.04748355263157897
03 0.6575 0.421875 0.05749161073825504 0.03624161073825505
07 0.541885775862069 0.58875 0.07122844827586206 0.014956896551724164
09 0.933125 0.41812499999999997 0.043744444444444364 0.031244444444444464
09 0.268125 0.428125 0.04373809523809527 0.028738095238095285
13 0.278125 0.75875 0.10374297752808984 0.09499297752808988
07 0.19625122549019608 0.15437499999999998 0.04749754901960784 0.05874509803921571
04 0.155625 0.525625 0.033706896551724125 0.03120689655172404
03 0.15375 0.08125 0.04497844827586206 0.05497844827586207
03 0.45687500000000003 0.9612499999999999 0.021136363636363564 0.032386363636363824
03 0.15999999999999998 0.7975 0.024985795454545462 0.029985795454545272
