02 0.03875 0.871875 0.01248355263157895 0.023733552631578836
10 0.6368749999999999 0.5475 0.013741610738254972 0.014991610738255057
16 0.8712500000000001 0.3575 0.029956896551724177 0.01745689655172411
19 0.321875 0.6399999999999999 0.013744444444444448 0.027494444444444377
08 0.9525 0.45999999999999996 0.0399880952380951 0.029988095238095258
06 0.5562499999999999 0.21999999999999997 0.04499297752808984 0.029992977528089854
12 0.974375 0.188125 0.03374509803921577 0.03624509803921569
20 0.861875 0.72125 0.018706896551724195 0.019956896551724168
12 0.81 0.47750000000000004 0.03747844827586222 0.024978448275862097
10 0.135 0.275625 0.02238636363636362 0.023636363636363678
