03 0.28375 0.08562499999999999 0.03498355263157893 0.023733552631578947
10 0.65875 0.095 0.01999161073825484 0.014991610738255057
11 0.28437500000000004 0.58875 0.023706896551724144 0.022456896551724226
01 0.24875 0.905 0.022494444444444428 0.017494444444444368
03 0.77125 0.943125 0.019988095238095083 0.011238095238095047
15 0.5343732443820224 0.07749824438202246 0.016246488764044886 0.00999648876404495
03 0.4668762254901961 0.7606250000000001 0.013747549019607841 0.011245098039215695
19 0.6556249999999999 0.505 0.02120689655172414 0.02995689655172412
08 0.7306250000000001 0.5856250000000001 0.03872844827586219 0.016228448275862006
06 0.8418749999999999 0.859375 0.04613636363636375 0.013636363636363669
20 0.50875 0.19125 0.017485795454545427 0.017485795454545483
02 0.95125 0.129375 0.029969512195122006 0.05371951219512193
20 0.469375 0.19125 0.016232142857142806 0.01248214285714283
