07 0.6781250000000001 0.44062088815789474 0.02123355263157889 0.023741776315789442
03 0.563125 0.18312499999999998 0.028741610738254986 0.013741610738255056
03 0.28500000000000003 0.316875 0.02245689655172417 0.023706896551724144
03 0.7987500000000001 0.30062500000000003 0.014994444444444421 0.031244444444444464
20 0.81125 0.34562499999999996 0.02248809523809514 0.018738095238095276
06 0.878125 0.77625 0.018742977528089844 0.07249297752808981
03 0.320625 0.1875 0.04124509803921572 0.0499950980392157
14 0.6912499999999999 0.8 0.019956896551724168 0.04495689655172408
18 0.6681250000000001 0.40812499999999996 0.01622844827586223 0.016228448275862062
14 0.5606249999999999 0.8 0.018636363636363673 0.0173863636363637
05 0.856875 0.924375 0.02623579545454524 0.0187357954545454
07 0.24812499999999998 0.815625 0.011219512195121961 0.023719512195122028
08 0.7625 0.12 0.03748214285714291 0.012482142857142872
11 0.660625 0.618125 0.02123750000000002 0.016237500000000016
