18 0.060625 0.46375 0.023733552631578947 0.02498355263157892
11 0.779375 0.588125 0.03374161073825488 0.021241610738255035
14 0.885625 0.16 0.05870689655172412 0.04995689655172414
18 0.49624999999999997 0.38 0.02249444444444454 0.02499444444444454
13 0.87375 0.87625 0.02248809523809514 0.044988095238095105
02 0.478125 0.38375 0.031242977528089855 0.04499297752808984
20 0.681875 0.650625 0.02624509803921571 0.02624509803921571
20 0.025 0.11374999999999999 0.024956896551724138 0.019956896551724126
09 0.47 0.77875 0.03997844827586211 0.039978448275862166
11 0.8474999999999999 0.63625 0.02738636363636371 0.029886363636363655
18 0.8075000000000001 0.25375 0.02248579545454532 0.024985795454545462
03 0.454375 0.556875 0.018719512195121968 0.06371951219512195
