18 0.2175 0.5856250000000001 0.014983552631578967 0.016233552631578996
20 0.79375 0.25 0.017491610738254892 0.01999161073825506
00 0.95875 0.125 0.019956896551724057 0.019956896551724126
14 0.576875 0.688125 0.03124444444444452 0.023744444444444346
08 0.265625 0.45125 0.031238095238095287 0.037488095238095265
02 0.6612482443820225 0.74125 0.019996488764044917 0.012492977528089866
02 0.9081250000000001 0.934375 0.021245098039215704 0.013745098039215642
07 0.933125 0.464375 0.01370689655172419 0.03870689655172416
07 0.6568750000000001 0.79625 0.0487284482758622 0.03497844827586216
03 0.311875 0.39625 0.018636363636363618 0.027386363636363598
18 0.208125 0.6268750000000001 0.013735795454545452 0.016235795454545454
06 0.515625 0.94375 0.02121951219512197 0.012469512195121935
