19 0.29 0.7849999999999999 0.022483552631578974 0.029983552631578925
08 0.09875 0.775625 0.017491610738255045 0.06624161073825485
03 0.18 0.13375 0.04245689655172413 0.027456896551724133
03 0.101875 0.33937500000000004 0.03374444444444445 0.09124444444444446
06 0.861875 0.66875 0.01623809523809505 0.09748809523809521
06 0.40249999999999997 0.7262500000000001 0.034992977528089886 0.029992977528089937
06 0.249375 0.45375 0.043745098039215696 0.01499509803921567
06 0.42313577586206896 0.5468642241379311 0.09872844827586202 0.036228448275862024
01 0.30625 0.126875 0.039978448275862055 0.026228448275862057
01 0.731875 0.7775 0.02363636363636379 0.019886363636363757
