06 0.75875 0.40312499999999996 0.10748355263157894 0.018733552631578887
08 0.21687709731543625 0.47 0.016245805369127536 0.012491610738255055
14 0.08249999999999999 0.780625 0.027456896551724133 0.04120689655172405
08 0.25875 0.755625 0.03499444444444441 0.0362444444444443
02 0.18125000000000002 0.8518749999999999 0.08248809523809528 0.02623809523809506
19 0.8825000000000001 0.859375 0.019992977528089928 0.036242977528089915
02 0.23374999999999999 0.985 0.03499509803921569 0.024995098039215735
06 0.7112392241379311 0.354375 0.07747844827586203 0.08120689655172408
03 0.4475 0.9568749999999999 0.06747844827586208 0.018728448275862175
03 0.879375 0.6225 0.023636363636363678 0.04488636363636367
