03 0.62375 0.78625 0.039983552631578934 0.10498355263157899
18 0.3775 0.2425 0.034991610738255075 0.03749161073825502
03 0.25375000000000003 0.953125 0.02995689655172412 0.05620689655172417
14 0.48750000000000004 0.9081250000000001 0.06999444444444453 0.041244444444444306
07 0.638125 0.0475 0.051238095238095194 0.017488095238095233
13 0.31625000000000003 0.845625 0.10499297752808984 0.15374297752808985
03 0.6018749999999999 0.69375 0.10124509803921578 0.11999509803921571
03 0.043125 0.489375 0.02620689655172414 0.031206896551724095
09 0.9075 0.651875 0.03747844827586222 0.0487284482758622
18 0.45875 0.851875 0.0298863636363636 0.03113636363636374
01 0.275625 0.7075 0.04373579545454548 0.04248579545454534
03 0.27 0.93125 0.06746951219512201 0.06996951219512204
