11 0.56 0.34062499999999996 0.03748355263157899 0.038733552631578905
00 0.78125 0.4625 0.03999161073825497 0.03749161073825508
02 0.206875 0.7562500000000001 0.04620689655172411 0.04245689655172413
03 0.214375 0.4475 0.08374444444444445 0.01749444444444448
18 0.7893749999999999 0.153125 0.021238095238095167 0.026238095238095255
01 0.318125 0.6893750000000001 0.021242977528089846 0.016242977528089786
06 0.57125 0.8518749999999999 0.024995098039215624 0.11624509803921568
20 0.33625 0.14875 0.032456896551724124 0.02745689655172412
12 0.104375 0.406875 0.046228448275862075 0.04872844827586209
12 0.92875 0.405625 0.04988636363636367 0.046136363636363587
05 0.954375 0.881875 0.04373579545454531 0.021235795454545348
03 0.49750000000000005 0.9325 0.04246951219512202 0.07246951219512199
