10 0.5862499999999999 0.24874999999999997 0.027483552631578978 0.02748355263157895
03 0.12375 0.12 0.02249161073825505 0.04999161073825503
06 0.778125 0.166875 0.018706896551724195 0.07870689655172414
03 0.8875 0.5800000000000001 0.03249444444444427 0.04499444444444445
15 0.114375 0.646875 0.021238095238095236 0.033738095238095234
01 0.235 0.27812499999999996 0.012492977528089838 0.011242977528089837
14 0.520625 0.495625 0.0162450980392157 0.013745098039215697
15 0.0175 0.13187500000000002 0.019956896551724137 0.04120689655172413
03 0.45375 0.889375 0.02247844827586204 0.046228448275862255
08 0.18 0.7724715909090909 0.029886363636363655 0.022443181818181834
04 0.871875 0.50625 0.023735795454545294 0.01998579545454543
05 0.370625 0.36687499999999995 0.016219512195121966 0.028719512195121977
04 0.044375 0.17812499999999998 0.026232142857142857 0.026232142857142843
