20 0.356875 0.02125 0.018733552631578942 0.014983552631578948
20 0.19624999999999998 0.635625 0.03749161073825505 0.031241610738254932
08 0.859375 0.549375 0.011206896551724022 0.04620689655172405
03 0.36624999999999996 0.62375 0.01999444444444448 0.03249444444444449
05 0.354375 0.33999999999999997 0.041238095238095296 0.022488095238095307
03 0.7925 0.696875 0.02499297752808982 0.028742977528089853
00 0.526875 0.4925 0.028745098039215655 0.022495098039215677
14 0.09187499999999998 0.7987500000000001 0.03620689655172414 0.032456896551724124
03 0.044375 0.49624999999999997 0.016228448275862062 0.034978448275862106
05 0.46125 0.495 0.04488636363636356 0.02238636363636365
01 0.809375 0.696875 0.023735795454545294 0.026235795454545352
