03 0.51875 0.13125 0.06748355263157896 0.04998355263157894
18 0.961875 0.8443750000000001 0.03624161073825494 0.038741610738254884
01 0.35062499999999996 0.790625 0.048706896551724166 0.046206896551724164
19 0.25375000000000003 0.129375 0.05749444444444446 0.03124444444444445
20 0.4 0.49124999999999996 0.04248809523809527 0.032488095238095205
13 0.280625 0.860625 0.12124297752808988 0.07624297752808984
03 0.4125 0.10625000000000001 0.054995098039215706 0.017495098039215687
19 0.30062500000000003 0.65625 0.058706896551724175 0.03495689655172418
08 0.5925 0.7381249999999999 0.06497844827586208 0.056228448275862264
19 0.754375 0.18 0.05113636363636376 0.059886363636363654
11 0.85 0.13875 0.04998579545454529 0.04998579545454547
20 0.39625 0.6387499999999999 0.04246951219512196 0.04496951219512202
