03 0.6056250000000001 0.13937500000000003 0.043733552631578854 0.07123355263157896
08 0.456875 0.08312290268456377 0.04124161073825505 0.033745805369127524
03 0.3425 0.576875 0.0674568965517241 0.05870689655172412
00 0.36125 0.8262499999999999 0.0374944444444445 0.02499444444444443
06 0.42375 0.56875 0.08998809523809526 0.03498809523809521
03 0.084375 0.46687500000000004 0.016242977528089883 0.03624297752808986
15 0.838125 0.11374999999999999 0.031245098039215602 0.05249509803921569
18 0.504375 0.586875 0.026206896551724146 0.028706896551724093
03 0.410625 0.58125 0.031228448275862075 0.029978448275862046
03 0.635 0.7112499999999999 0.03738636363636372 0.047386363636363726
20 0.845625 0.918125 0.0287357954545453 0.0287357954545453
07 0.94 0.20625 0.057469512195121975 0.024969512195121973
06 0.25312500000000004 0.869375 0.12623214285714285 0.0637321428571429
07 0.875625 0.84375 0.011237500000000011 0.047487499999999905
