15 0.66125 0.9225000000000001 0.03248355263157898 0.019983552631578916
11 0.45499999999999996 0.956875 0.04999161073825503 0.04124161073825494
14 0.065 0.88 0.07995689655172412 0.03495689655172418
05 0.701875 0.500625 0.051244444444444315 0.023744444444444512
05 0.361875 0.12875000000000003 0.031238095238095287 0.06498809523809526
14 0.275 0.9606250000000001 0.06499297752808988 0.05624297752808982
14 0.15375 0.301875 0.022495098039215677 0.04874509803921567
06 0.823125 0.19875 0.036206896551724155 0.13745689655172416
11 0.05375 0.923125 0.044978448275862074 0.0437284482758622
04 0.40812499999999996 0.808125 0.046136363636363587 0.033636363636363686
19 0.879375 0.87375 0.0337357954545453 0.05748579545454535
04 0.503125 0.70875 0.04371951219512199 0.04246951219512196
03 0.880625 0.395 0.03873214285714277 0.029982142857142846
12 0.09187500000000001 0.16 0.038737499999999994 0.06248750000000003
