06 0.6268750000000001 0.031875 0.051233552631578916 0.02873355263157895
01 0.944375 0.505 0.04124161073825494 0.03999161073825502
04 0.624375 0.788125 0.05870689655172412 0.046206896551724164
05 0.411875 0.91625 0.033744444444444466 0.07999444444444437
14 0.21437499999999998 0.8006249999999999 0.09373809523809526 0.0662380952380951
03 0.42375 0.57 0.05499297752808985 0.05999297752808985
06 0.328125 0.45125000000000004 0.0787450980392157 0.06999509803921572
20 0.429375 0.43625 0.05870689655172412 0.03995689655172413
14 0.700625 0.074375 0.053728448275862206 0.10372844827586207
03 0.6368750000000001 0.1175 0.061136363636363655 0.06738636363636363
05 0.578125 0.056249999999999994 0.04373579545454542 0.062485795454545454
18 0.241875 0.771875 0.03621951219512198 0.03871951219512204
