03 0.43999999999999995 0.89375 0.0699835526315789 0.09998355263157899
11 0.745625 0.06375 0.05124161073825495 0.03499161073825504
03 0.6625 0.275625 0.09245689655172407 0.04870689655172411
18 0.491875 0.05625 0.03124444444444452 0.03499444444444445
20 0.6018749999999999 0.5293749999999999 0.026238095238095283 0.023738095238095336
12 0.12062500000000001 0.829375 0.0637429775280899 0.06624297752808983
03 0.166875 0.78 0.021245098039215704 0.05749509803921571
07 0.723125 0.240625 0.07120689655172407 0.028706896551724148
01 0.25625 0.530625 0.062478448275862075 0.0587284482758621
14 0.63875 0.135 0.09238636363636377 0.03238636363636363
