07 0.5781291118421052 0.865 0.0362417763157894 0.047483552631578885
01 0.151875 0.07125000000000001 0.031241610738255043 0.022491610738255043
09 0.6912499999999999 0.295625 0.03495689655172407 0.02620689655172409
07 0.816875 0.576875 0.0212444444444444 0.04124444444444453
16 0.31437499999999996 0.40625 0.03373809523809529 0.05998809523809523
09 0.63375 0.56625 0.03499297752808983 0.03749297752808989
11 0.48062499999999997 0.840625 0.03874509803921572 0.02624509803921571
03 0.599989224137931 0.441875 0.04247844827586211 0.04370689655172416
03 0.22062500000000002 0.354375 0.041228448275862056 0.03372844827586208
07 0.33499999999999996 0.700625 0.10488636363636367 0.016136363636363726
