05 0.32375 0.184375 0.09248355263157892 0.05123355263157897
12 0.7625 0.855625 0.08249161073825484 0.09624161073825488
06 0.486875 0.788125 0.04120689655172416 0.0812068965517242
08 0.23125 0.365 0.04499444444444445 0.05249444444444451
03 0.22562500000000002 0.7124999999999999 0.13373809523809524 0.044988095238095105
11 0.090625 0.54 0.06874297752808989 0.0674929775280898
03 0.870625 0.59125 0.04374509803921567 0.1199950980392156
13 0.656875 0.7625 0.09870689655172415 0.18245689655172415
12 0.63875 0.57875 0.05497844827586218 0.057478448275862126
15 0.30062500000000003 0.4625 0.038636363636363635 0.037386363636363606
20 0.18375 0.92875 0.05748579545454546 0.054985795454545294
15 0.5431250000000001 0.143125 0.023719512195122028 0.036219512195121956
