03 0.5706249999999999 0.7106250000000001 0.08123355263157894 0.061233552631578925
01 0.35875 0.30625 0.022491610738255063 0.019991610738255006
01 0.6268750000000001 0.7637499999999999 0.028706896551724204 0.02495689655172406
01 0.9081250000000001 0.836875 0.01874444444444434 0.01874444444444434
20 0.690625 0.026250000000000002 0.02623809523809506 0.017488095238095237
13 0.7618750000000001 0.403125 0.053742977528089875 0.07124297752808983
03 0.551875 0.1825 0.04124509803921561 0.03499509803921569
03 0.0625 0.16 0.07245689655172413 0.04245689655172413
03 0.29625 0.5687500000000001 0.027478448275862044 0.03497844827586205
11 0.19187500000000002 0.655 0.031136363636363656 0.03488636363636366
13 0.186875 0.8200000000000001 0.06873579545454547 0.12248579545454541
