05 0.2125 0.344375 0.01998355263157897 0.031233552631578898
03 0.90875 0.75625 0.032491610738254906 0.03999161073825497
02 0.081875 0.6 0.021206896551724128 0.024956896551724173
03 0.55125 0.163125 0.0424944444444445 0.031244444444444464
20 0.16312500000000002 0.925625 0.013738095238095244 0.016238095238095163
14 0.444375 0.73 0.018742977528089844 0.057492977528089906
18 0.9225 0.94375 0.014995098039215726 0.017495098039215673
06 0.77 0.473125 0.014956896551724164 0.07870689655172414
03 0.733125 0.31625000000000003 0.02372844827586218 0.04247844827586206
14 0.4019034090909091 0.91625 0.02119318181818175 0.02488636363636365
15 0.6593714488636364 0.8968750000000001 0.01624289772727272 0.013735795454545285
06 0.7012499999999999 0.905625 0.057469512195121975 0.028719512195122032
