20 0.94625 0.88375 0.012483552631578854 0.009983552631578907
06 0.47375 0.55 0.08499161073825506 0.017491610738255114
03 0.428125 0.535 0.021206896551724086 0.07995689655172417
08 0.20500000000000002 0.631875 0.04249444444444442 0.018744444444444563
11 0.77125 0.09562499999999999 0.027488095238095145 0.021238095238095236
20 0.16874999999999998 0.500625 0.024992977528089877 0.023742977528089904
03 0.579375 0.67125 0.028745098039215655 0.017495098039215673
03 0.7418750000000001 0.5325 0.01370689655172408 0.01745689655172411
04 0.413125 0.91125 0.028728448275862073 0.024978448275862153
03 0.28312499999999996 0.416875 0.021136363636363675 0.05113636363636359
04 0.721875 0.53125 0.02873579545454541 0.019985795454545485
12 0.260625 0.8474999999999999 0.03871951219512201 0.03746951219512196
03 0.240625 0.06437499999999999 0.021232142857142866 0.033732142857142836
01 0.29312499999999997 0.37625 0.028737500000000027 0.024987499999999996
