03 0.768125 0.7775000000000001 0.02873355263157895 0.019983552631578916
05 0.61625 0.873125 0.022491610738255008 0.03374161073825488
03 0.57375 0.5462499999999999 0.024956896551724173 0.06245689655172415
07 0.59625 0.39875000000000005 0.0374944444444445 0.024994444444444486
03 0.365 0.813125 0.019988095238095305 0.031238095238095065
17 0.16249999999999998 0.69875 0.04749297752808987 0.049992977528089844
19 0.6025 0.766875 0.032495098039215686 0.031245098039215713
18 0.8318749999999999 0.776875 0.023706896551724088 0.026206896551724146
20 0.28125 0.65875 0.022478448275862095 0.0174784482758622
11 0.1825 0.7175 0.03238636363636366 0.024886363636363762
14 0.9225 0.388125 0.019985795454545263 0.03873579545454542
15 0.2 0.724375 0.027469512195121976 0.03871951219512204
15 0.14500000000000002 0.32 0.012482142857142858 0.029982142857142846
09 0.948125 0.8925 0.03123750000000003 0.022487499999999994
