09 0.61375 0.55375 0.02498355263157892 0.027483552631578867
03 0.97 0.821875 0.032491610738254906 0.021241610738254924
14 0.25375000000000003 0.923125 0.03995689655172413 0.023706896551724088
01 0.253125 0.6487499999999999 0.0212444444444444 0.019994444444444426
05 0.879375 0.740625 0.03623809523809518 0.028738095238095118
06 0.893125 0.057499999999999996 0.07874297752808979 0.04999297752808989
09 0.206875 0.255 0.0162450980392157 0.027495098039215682
07 0.79125 0.283125 0.02745689655172412 0.026206896551724146
13 0.35 0.624375 0.07747844827586209 0.036228448275862135
15 0.143125 0.151875 0.013636363636363613 0.021136363636363675
03 0.84875 0.94625 0.05748579545454535 0.034985795454545277
09 0.480625 0.45999999999999996 0.03121951219512198 0.024969512195121946
