18 0.25 0.225 0.029983552631578952 0.03248355263157898
07 0.156875 0.219375 0.08124161073825506 0.026241610738255067
03 0.31875 0.26 0.032456896551724124 0.04495689655172411
12 0.685 0.4575 0.05999444444444435 0.057494444444444515
03 0.45 0.04875 0.0149880952380953 0.03998809523809524
03 0.05875 0.06875 0.02999297752808988 0.027492977528089886
15 0.025 0.864375 0.029995098039215684 0.0162450980392157
05 0.41000000000000003 0.2975 0.04995689655172414 0.022456896551724115
20 0.6018749999999999 0.97875 0.03122844827586213 0.02747844827586221
05 0.13 0.43625 0.03988636363636362 0.034886363636363604
00 0.76625 0.204375 0.04998579545454529 0.04623579545454548
