08 0.28312499999999996 0.30562500000000004 0.04123355263157896 0.02623355263157895
15 0.08812500000000001 0.038125 0.06124161073825504 0.03374161073825503
05 0.6699999999999999 0.7475 0.014956896551724053 0.03495689655172407
09 0.355 0.185 0.0399944444444445 0.027494444444444432
10 0.67875 0.981875 0.024988095238095087 0.021238095238095167
15 0.204375 0.13187500000000002 0.01624297752808984 0.03624297752808989
20 0.40875 0.8 0.02999509803921574 0.027495098039215682
14 0.23249999999999998 0.7 0.022456896551724143 0.0649568965517241
04 0.35625 0.718125 0.01747844827586209 0.026228448275862126
01 0.776875 0.7275 0.03113636363636374 0.024886363636363762
02 0.07875000000000001 0.808125 0.03748579545454546 0.03873579545454531
19 0.315 0.8775 0.027469512195121948 0.029969512195121895
03 0.199375 0.521875 0.028732142857142817 0.05373214285714284
06 0.433125 0.84375 0.028737500000000027 0.0324875
