02 0.46375 0.17812499999999998 0.037483552631578876 0.023733552631578975
06 0.040624999999999994 0.5862499999999999 0.05374161073825503 0.06249161073825504
04 0.16062500000000002 0.3575 0.023706896551724116 0.022456896551724115
03 0.9581249999999999 0.7493749999999999 0.02874444444444435 0.01874444444444434
07 0.608125 0.8525 0.0462380952380953 0.012488095238095132
18 0.19 0.41874999999999996 0.01749297752808987 0.019992977528089872
11 0.356875 0.6675 0.02374509803921565 0.024995098039215735
03 0.66 0.349375 0.02745689655172412 0.011206896551724133
03 0.115 0.28375 0.017478448275862063 0.029978448275862046
20 0.6737500000000001 0.795625 0.022386363636363815 0.016136363636363726
20 0.725625 0.079375 0.0287357954545453 0.02123579545454546
03 0.045625 0.41375 0.036219512195121956 0.01746951219512194
07 0.63625 0.15375 0.0424821428571428 0.01498214285714286
