04 0.120625 0.0475 0.02373355263157892 0.029983552631578952
03 0.9575 0.816875 0.042491610738254915 0.03624161073825494
04 0.8512500000000001 0.626875 0.019956896551724168 0.026206896551724146
08 0.38 0.058125 0.02499444444444454 0.028744444444444447
14 0.343125 0.305 0.03623809523809529 0.02248809523809525
18 0.30625 0.45125 0.014992977528089868 0.01749297752808987
07 0.0975 0.44125000000000003 0.009995098039215694 0.07499509803921572
20 0.24625000000000002 0.97375 0.022456896551724143 0.019956896551724057
06 0.479375 0.10625 0.021228448275862066 0.027478448275862072
07 0.5706249999999999 0.130625 0.028636363636363682 0.03363636363636362
