01 0.666875 0.5856250000000001 0.013733552631578938 0.008733552631578934
10 0.238125 0.5625 0.023741610738255037 0.02249161073825512
09 0.670625 0.649375 0.011206896551724133 0.026206896551724146
06 0.19875 0.905625 0.019994444444444426 0.013744444444444337
10 0.860625 0.240625 0.011238095238095158 0.013738095238095271
04 0.144375 0.640625 0.0212429775280899 0.02124297752808979
03 0.90625 0.44062500000000004 0.01999509803921562 0.02874509803921571
18 0.5175000000000001 0.20625 0.012456896551724106 0.014956896551724136
01 0.5625 0.14625 0.009978448275862029 0.009978448275862056
18 0.638125 0.091875 0.013636363636363669 0.016136363636363643
11 0.62125 0.9375 0.019985795454545485 0.02498579545454538
