08 0.7275041118421053 0.384375 0.034991776315789425 0.048733552631578914
03 0.6187499999999999 0.20124790268456377 0.06499161073825499 0.022495805369127514
06 0.09501077586206896 0.90625 0.10747844827586206 0.07495689655172422
19 0.106875 0.374375 0.02624444444444446 0.036244444444444524
03 0.915 0.12875 0.014988095238095078 0.05498809523809524
03 0.08375 0.7418750000000001 0.03749297752808989 0.04624297752808981
03 0.3725 0.93125 0.042495098039215695 0.06999509803921566
07 0.9725 0.9412499999999999 0.04745689655172414 0.0749568965517241
18 0.22625 0.9512499999999999 0.02497844827586207 0.02747844827586221
03 0.9025000000000001 0.321875 0.03488636363636377 0.0661363636363636
03 0.896875 0.8731249999999999 0.0287357954545453 0.051235795454545374
03 0.33875 0.1925 0.01746951219512194 0.019969512195121997
01 0.8175 0.10875 0.022482142857142895 0.019982142857142865
