19 0.236875 0.5643750000000001 0.02873355263157895 0.031233552631578898
03 0.0975 0.20875 0.017491610738255045 0.06749161073825505
08 0.478739224137931 0.548125 0.044978448275862115 0.04870689655172411
03 0.6043763888888889 0.895625 0.038747222222222266 0.026244444444444293
03 0.6125 0.205625 0.04998809523809522 0.04873809523809525
06 0.13999999999999999 0.714375 0.07499297752808987 0.06624297752808983
20 0.271875 0.965 0.033745098039215715 0.024995098039215735
02 0.053125000000000006 0.353125 0.026206896551724146 0.06120689655172412
08 0.06999999999999999 0.49375 0.02247844827586206 0.05497844827586201
15 0.861875 0.493125 0.011136363636363833 0.04613636363636353
00 0.5075000000000001 0.15625 0.0349857954545455 0.03498579545454544
