17 0.745 0.6968749999999999 0.037483552631578876 0.031233552631578898
14 0.28437500000000004 0.7893749999999999 0.043741610738255055 0.021241610738254812
20 0.74125 0.6412500000000001 0.01745689655172411 0.022456896551724115
14 0.34625 0.411875 0.04999444444444445 0.02124444444444451
09 0.788125 0.71375 0.028738095238095118 0.027488095238095145
03 0.715625 0.87125 0.036242977528089804 0.1624929775280899
03 0.899375 0.09625 0.013745098039215642 0.02249509803921569
13 0.9175 0.815625 0.07245689655172416 0.0337068965517241
12 0.52875 0.43374999999999997 0.032478448275862104 0.034978448275862106
03 0.349375 0.41875 0.06613636363636366 0.027386363636363598
08 0.640625 0.106875 0.04873579545454543 0.013735795454545466
15 0.09687499999999999 0.28875 0.03371951219512194 0.03246951219512195
