06 0.250625 0.635 0.023733552631578947 0.012483552631578965
03 0.6156250000000001 0.379375 0.018741610738255088 0.03874161073825505
03 0.625625 0.39625 0.0237068965517242 0.02995689655172412
04 0.69875 0.38375000000000004 0.02499444444444432 0.024994444444444486
13 0.7337499999999999 0.575625 0.03248809523809515 0.1137380952380952
03 0.948125 0.933125 0.026242977528089906 0.04124297752808981
09 0.69375 0.364375 0.024995098039215735 0.02374509803921565
07 0.7025 0.9525 0.02745689655172412 0.019956896551724057
03 0.485 0.171875 0.02247844827586204 0.021228448275862066
03 0.671875 0.5118750000000001 0.033636363636363686 0.023636363636363567
