05 0.10500000000000001 0.32375 0.024983552631578934 0.02498355263157892
20 0.08937500000000001 0.9568749999999999 0.02624161073825504 0.018741610738254866
07 0.60375 0.893125 0.012456896551724217 0.03870689655172421
01 0.35375 0.163125 0.027494444444444488 0.01624444444444445
07 0.738125 0.161875 0.0712380952380951 0.07373809523809524
03 0.569375 0.38875000000000004 0.028742977528089853 0.019992977528089872
03 0.145625 0.45875 0.021245098039215704 0.03999509803921569
13 0.8200000000000001 0.5037499999999999 0.06745689655172404 0.11745689655172409
05 0.443125 0.838125 0.02622844827586207 0.028728448275862295
15 0.889375 0.255625 0.03113636363636374 0.04113636363636364
08 0.80125 0.9675 0.037485795454545334 0.03248579545454533
04 0.098125 0.034999999999999996 0.026219512195121947 0.01996951219512195
