03 0.1325 0.774375 0.03248355263157894 0.018733552631578942
17 0.451875 0.466875 0.033741610738255046 0.04124161073825505
06 0.8243750000000001 0.73125 0.07120689655172419 0.039956896551724186
06 0.25375 0.6174999999999999 0.0924944444444444 0.012494444444444475
03 0.01375 0.90375 0.012488095238095239 0.029988095238095203
03 0.5543750000000001 0.23125 0.0212429775280899 0.02749297752808985
17 0.825 0.81875 0.027495098039215682 0.02999509803921563
03 0.474375 0.505 0.013706896551724135 0.02745689655172412
03 0.479375 0.1875 0.02372844827586207 0.02247844827586204
06 0.31687499999999996 0.30937499999999996 0.03613636363636363 0.06863636363636366
03 0.23625000000000002 0.4275 0.09998579545454547 0.06998579545454547
20 0.059375 0.5093749999999999 0.021219512195121942 0.016219512195121966
01 0.09125 0.7887500000000001 0.01498214285714286 0.012482142857142775
