06 0.21625 0.12000000000000001 0.2199835526315789 0.10248355263157896
03 0.20375 0.36375 0.17999161073825504 0.09249161073825501
02 0.22125 0.27249999999999996 0.11245689655172411 0.08245689655172411
06 0.17875 0.781875 0.21999444444444444 0.07624444444444434
04 0.7125 0.850625 0.06998809523809513 0.048738095238095136
20 0.155 0.69 0.024992977528089877 0.019992977528089928
12 0.68625 0.499375 0.07749509803921573 0.08624509803921576
03 0.15125 0.28875 0.02745689655172412 0.06245689655172415
01 0.725625 0.3475 0.056228448275862264 0.04497844827586206
18 0.931875 0.724375 0.04613636363636375 0.04863636363636381
06 0.906875 0.42625 0.06123579545454527 0.18498579545454552
11 0.46625000000000005 0.60375 0.05996951219512198 0.06246951219512198
17 0.86375 0.05562500000000001 0.06748214285714282 0.08373214285714287
03 0.541875 0.465625 0.04623749999999993 0.10123749999999998
