08 0.9725 0.771875 0.027483552631578867 0.043733552631578965
18 0.818125 0.766875 0.018741610738254977 0.021241610738254924
06 0.59 0.2625 0.10995689655172414 0.04245689655172413
03 0.6575 0.621875 0.0374944444444445 0.051244444444444426
00 0.316875 0.48875 0.028738095238095285 0.0274880952380952
03 0.4 0.555625 0.024992977528089877 0.0212429775280899
03 0.791875 0.2225 0.03374509803921577 0.017495098039215673
14 0.335625 0.205625 0.0387068965517241 0.033706896551724125
08 0.41000000000000003 0.865 0.03747844827586205 0.01997844827586226
06 0.26937500000000003 0.12625 0.01613636363636367 0.03988636363636362
20 0.88875 0.106875 0.017485795454545316 0.013735795454545466
11 0.28500000000000003 0.14125 0.02996951219512195 0.03746951219512194
