11 0.489375 0.06625 0.028733552631578896 0.017483552631578955
03 0.49687499999999996 0.509375 0.05624161073825501 0.031241610738254988
03 0.825625 0.35250000000000004 0.023706896551724088 0.03995689655172413
18 0.264375 0.78125 0.011244444444444446 0.01499444444444431
08 0.8343750000000001 0.93875 0.021238095238095167 0.017488095238095136
07 0.9675 0.6375 0.014992977528089813 0.03499297752808983
09 0.5625 0.064375 0.02999509803921563 0.02874509803921569
08 0.705625 0.336875 0.0337068965517241 0.011206896551724133
09 0.463125 0.495 0.02372844827586207 0.01247844827586203
03 0.4275 0.7012499999999999 0.024886363636363595 0.0173863636363637
18 0.865625 0.35562499999999997 0.016235795454545343 0.018735795454545456
14 0.450625 0.6025 0.011219512195121961 0.014969512195121992
03 0.15437499999999998 0.76375 0.026232142857142843 0.03498214285714285
16 0.96 0.765 0.029987499999999945 0.022487499999999994
