03 0.16625 0.5874999999999999 0.027483552631578978 0.029983552631578925
20 0.48125 0.621875 0.01999161073825506 0.018741610738255088
20 0.88 0.411875 0.01745689655172411 0.016206896551724137
13 0.915625 0.6125 0.04624444444444431 0.057494444444444515
02 0.760625 0.32375 0.05123809523809508 0.01998809523809525
18 0.074375 0.143125 0.013742977528089895 0.016242977528089897
03 0.7193750000000001 0.405625 0.021245098039215704 0.038745098039215664
08 0.723125 0.559375 0.08870689655172415 0.036206896551724044
03 0.274375 0.599375 0.028728448275862073 0.046228448275862144
15 0.27375 0.3225 0.02738636363636371 0.01988636363636359
19 0.19874999999999998 0.161875 0.024985795454545462 0.02123579545454546
08 0.6581250000000001 0.9 0.02871951219512192 0.012469512195121935
10 0.485625 0.8049999999999999 0.01623214285714286 0.012482142857142775
07 0.9287468750000001 0.06375 0.034993750000000046 0.014987499999999994
