03 0.204375 0.758125 0.013733552631578994 0.04623355263157891
20 0.171875 0.34125 0.04874161073825506 0.034991610738255075
18 0.31875 0.923125 0.034956896551724126 0.0387068965517241
08 0.930625 0.2925 0.10624444444444436 0.04749444444444445
18 0.23 0.47624999999999995 0.037488095238095265 0.03998809523809527
14 0.22312500000000002 0.52125 0.07124297752808986 0.049992977528089844
14 0.38375000000000004 0.210625 0.05999509803921571 0.0837450980392157
09 0.5725 0.3075 0.049956896551724084 0.03995689655172413
07 0.7224999999999999 0.239375 0.024978448275862264 0.07622844827586206
20 0.26875 0.898125 0.042386363636363694 0.04113636363636375
10 0.19624999999999998 0.120625 0.04748579545454548 0.04123579545454545
