20 0.6287499999999999 0.869375 0.03248355263157887 0.026233552631578894
11 0.718125 0.290625 0.031241610738254932 0.02624161073825504
03 0.37 0.26 0.0749568965517241 0.04245689655172413
03 0.37625 0.9575 0.024994444444444486 0.022494444444444373
02 0.1625 0.091875 0.09498809523809525 0.033738095238095234
14 0.27875 0.82375 0.03749297752808989 0.02749297752808988
12 0.416875 0.911875 0.04374509803921567 0.0737450980392157
04 0.74125 0.08499999999999999 0.032456896551724124 0.02495689655172413
20 0.35625 0.91125 0.012478448275862086 0.012478448275862197
07 0.8712500000000001 0.233125 0.0648863636363638 0.033636363636363686
11 0.361875 0.27749999999999997 0.031235795454545467 0.032485795454545496
