03 0.08 0.3575 0.022483552631578946 0.019983552631578916
12 0.26812499999999995 0.9412499999999999 0.033741610738255046 0.034991610738254963
09 0.8275 0.161875 0.029956896551724066 0.021206896551724114
19 0.514375 0.505625 0.02874444444444446 0.023744444444444512
13 0.6631279761904763 0.79125 0.09124404761904759 0.0399880952380951
06 0.795 0.37 0.02749297752808988 0.01749297752808987
12 0.8318749999999999 0.051875000000000004 0.04374509803921567 0.04874509803921569
18 0.3575 0.33187500000000003 0.01745689655172411 0.021206896551724086
05 0.595625 0.9199999999999999 0.03872844827586208 0.01997844827586215
04 0.9624999999999999 0.9468749999999999 0.03488636363636377 0.026136363636363735
15 0.815 0.828125 0.027485795454545325 0.048735795454545316
