06 0.455 0.6675 0.13248355263157896 0.3374835526315789
03 0.83 0.175625 0.06249161073825493 0.09624161073825505
03 0.67875 0.4425 0.18745689655172415 0.13745689655172416
03 0.224375 0.428125 0.19874444444444447 0.0737444444444445
03 0.49312500000000004 0.663125 0.1062380952380953 0.13873809523809522
03 0.6425000000000001 0.1425 0.06499297752808986 0.12499297752808985
20 0.516875 0.358125 0.09874509803921566 0.09124509803921571
03 0.84625 0.65375 0.047456896551724026 0.11495689655172414
05 0.6875 0.66875 0.07747844827586214 0.10247844827586217
01 0.21375 0.915625 0.07238636363636367 0.05113636363636376
08 0.489375 0.303125 0.08623579545454546 0.09373579545454547
