09 0.9281250000000001 0.643125 0.06373355263157887 0.033733552631578845
13 0.254375 0.6643749999999999 0.29624161073825506 0.18874161073825502
04 0.7012499999999999 0.64625 0.0749568965517241 0.06495689655172421
06 0.140625 0.30374999999999996 0.20624444444444445 0.027494444444444432
15 0.39 0.761875 0.03998809523809527 0.12123809523809514
08 0.135 0.73 0.05999297752808988 0.07249297752808981
10 0.9281250000000001 0.028125 0.05374509803921568 0.04374509803921569
10 0.80375 0.0725 0.04495689655172408 0.022456896551724143
06 0.360625 0.58875 0.18372844827586204 0.009978448275862029
03 0.113125 0.48 0.10863636363636364 0.2148863636363636
05 0.228125 0.7975 0.08123579545454546 0.04748579545454534
12 0.5425 0.241875 0.09246951219512195 0.12621951219512198
14 0.49312500000000004 0.07250000000000001 0.08623214285714287 0.11748214285714287
