20 0.361875 0.20875 0.026233552631578894 0.024983552631578976
03 0.109375 0.453125 0.008741610738255051 0.018741610738255088
04 0.746875 0.07749999999999999 0.026206896551724146 0.02495689655172413
06 0.336875 0.815625 0.02124444444444451 0.016244444444444395
03 0.694375 0.09437499999999999 0.03873809523809513 0.018738095238095234
13 0.42625 0.6025 0.09249297752808988 0.019992977528089817
05 0.530625 0.546875 0.028745098039215655 0.013745098039215753
03 0.0925 0.5900000000000001 0.027456896551724133 0.032456896551724124
03 0.405625 0.10375 0.016228448275862062 0.017478448275862063
05 0.911875 0.8975 0.026136363636363735 0.022386363636363704
05 0.648125 0.979375 0.031235795454545467 0.01873579545454529
