11 0.43374999999999997 0.045 0.034983552631578874 0.01998355263157895
03 0.730625 0.49812500000000004 0.04374161073825489 0.02874161073825504
11 0.535 0.97375 0.024956896551724173 0.019956896551724057
04 0.043125 0.374375 0.031244444444444443 0.023744444444444512
01 0.215 0.81375 0.024988095238095254 0.02248809523809514
03 0.451875 0.030000000000000002 0.038742977528089806 0.04249297752808989
03 0.3375 0.384375 0.0499950980392157 0.026245098039215653
05 0.416875 0.291875 0.0337068965517241 0.036206896551724155
04 0.630625 0.33125 0.021228448275862122 0.022478448275862095
02 0.56375 0.816875 0.03988636363636355 0.016136363636363726
03 0.210625 0.584375 0.02123579545454546 0.031235795454545467
08 0.9918750000000001 0.31562500000000004 0.011219512195122072 0.03371951219512198
01 0.926875 0.791875 0.01373214285714286 0.016232142857142806
