14 0.72 0.5375 0.047483552631578885 0.03498355263157893
06 0.96375 0.3875 0.022491610738254897 0.042491610738255026
20 0.75875 0.85625 0.012456896551724106 0.012456896551724106
08 0.2943736111111111 0.168125 0.04124722222222221 0.018744444444444452
08 0.39375000000000004 0.28875 0.024988095238095254 0.017488095238095247
13 0.620625 0.075625 0.04124297752808981 0.04624297752808989
09 0.026875000000000003 0.548125 0.03374509803921569 0.02624509803921571
06 0.23875 0.15125 0.0674568965517241 0.059956896551724134
05 0.659375 0.59875 0.021228448275862122 0.0274784482758621
11 0.695625 0.7275 0.03113636363636374 0.0173863636363637
03 0.395625 0.966875 0.03623579545454547 0.026235795454545352
10 0.028125 0.5643750000000001 0.02371951219512195 0.018719512195121912
11 0.6725000000000001 0.340625 0.019982142857142837 0.018732142857142864
