03 0.35750000000000004 0.7962499999999999 0.022483552631578918 0.0624835526315789
16 0.473125 0.38375000000000004 0.031241610738255043 0.029991610738255015
11 0.34375 0.31625000000000003 0.02745689655172412 0.019956896551724113
18 0.31 0.513125 0.014994444444444421 0.016244444444444395
07 0.164375 0.321875 0.018738095238095248 0.04123809523809524
03 0.369375 0.9450000000000001 0.021242977528089846 0.022492977528089875
03 0.5018750000000001 0.1275 0.031245098039215713 0.017495098039215687
10 0.09375 0.82375 0.01995689655172414 0.014956896551724164
13 0.7975 0.5093749999999999 0.08747844827586215 0.04622844827586203
15 0.7925 0.79125 0.02738636363636371 0.019886363636363757
