01 0.64 0.885625 0.02498355263157892 0.016233552631578885
19 0.920625 0.13 0.028741610738254875 0.02749161073825504
01 0.150625 0.388125 0.031206896551724123 0.026206896551724146
11 0.9081250000000001 0.16499999999999998 0.01874444444444434 0.019994444444444454
15 0.67125 0.13687500000000002 0.037488095238095154 0.00873809523809524
11 0.03625 0.458125 0.024992977528089887 0.018742977528089844
06 0.963126225490196 0.246875 0.026247549019607797 0.06624509803921566
03 0.210625 0.03875000000000001 0.00870689655172413 0.029956896551724142
08 0.2975 0.515625 0.024978448275862042 0.03872844827586208
03 0.23375 0.361875 0.032386363636363685 0.013636363636363558
