11 0.6775 0.6675 0.03498355263157893 0.027483552631578867
18 0.05437499999999999 0.405625 0.021241610738255028 0.023741610738255037
06 0.271875 0.52875 0.021206896551724086 0.02745689655172423
19 0.1975 0.27375 0.019994444444444426 0.04249444444444439
06 0.235625 0.8731249999999999 0.016238095238095274 0.031238095238095176
03 0.7831250000000001 0.558125 0.043742977528089866 0.03374297752808986
15 0.558125 0.48062499999999997 0.018745098039215646 0.023745098039215706
12 0.36312500000000003 0.903125 0.03870689655172416 0.04120689655172416
08 0.711875 0.27875 0.01622844827586223 0.012478448275862086
18 0.713125 0.7250000000000001 0.023636363636363678 0.024886363636363762
