07 0.78125 0.489375 0.022483552631578974 0.033733552631578956
01 0.544375 0.15187499999999998 0.01624161073825514 0.011241610738255053
06 0.9175 0.67125 0.04495689655172419 0.01745689655172411
08 0.250625 0.509375 0.01624444444444445 0.016244444444444506
03 0.655625 0.27249999999999996 0.01873809523809511 0.04498809523809527
03 0.545625 0.9781249999999999 0.011242977528089892 0.023742977528089848
06 0.6268750000000001 0.0425 0.013745098039215642 0.06999509803921569
08 0.43125 0.024375 0.02245689655172417 0.02120689655172414
15 0.721875 0.65375 0.03372844827586219 0.05497844827586218
03 0.40125 0.0875 0.01738636363636359 0.02738636363636364
03 0.20437855113636363 0.445625 0.021242897727272725 0.031235795454545467
