07 0.45375 0.35125 0.037483552631578876 0.014983552631578911
13 0.268125 0.78375 0.03874161073825502 0.024991610738254955
11 0.24875 0.686875 0.034956896551724126 0.018706896551724084
04 0.095 0.29312499999999997 0.024994444444444458 0.0237444444444444
20 0.8981250000000001 0.90875 0.01873809523809522 0.017488095238095025
20 0.4375 0.8425 0.02499297752808982 0.02499297752808982
18 0.22625 0.77 0.0174950980392157 0.01999509803921562
06 0.9093642241379309 0.499375 0.03372844827586208 0.046206896551724164
14 0.7262500000000001 0.9612499999999999 0.04497844827586228 0.024978448275862264
19 0.6799999999999999 0.0975 0.04238636363636383 0.022386363636363635
20 0.050625 0.08875000000000001 0.023735795454545454 0.02248579545454546
