08 0.18437911184210526 0.020625 0.03374177631578951 0.031233552631578947
10 0.08125 0.296875 0.019991610738255033 0.018741610738255088
03 0.683125 0.6912499999999999 0.016206896551724137 0.05245689655172414
03 0.36312500000000003 0.8875 0.023744444444444512 0.017494444444444368
03 0.16812500000000002 0.61 0.026238095238095255 0.029988095238095314
07 0.305 0.559375 0.049992977528089844 0.053742977528089875
19 0.076875 0.17125 0.02624509803921568 0.02749509803921571
03 0.171875 0.691875 0.013706896551724135 0.043706896551724106
04 0.60875 0.6125 0.0274784482758621 0.024978448275862042
06 0.634375 0.9530965909090909 0.07863636363636362 0.026193181818181976
02 0.31375 0.31 0.01998579545454543 0.027485795454545436
