12 0.33999999999999997 0.9137500000000001 0.11998355263157895 0.0724835526315789
14 0.854375 0.746875 0.048741610738255 0.09374161073825482
03 0.129375 0.12687500000000002 0.06370689655172411 0.03620689655172413
09 0.501875 0.364375 0.03624444444444447 0.06374444444444449
06 0.599375 0.201875 0.03623809523809518 0.04873809523809525
08 0.79375 0.18562499999999998 0.02499297752808982 0.07124297752808986
04 0.528125 0.23249999999999998 0.07124509803921575 0.052495098039215676
04 0.71 0.73125 0.06745689655172415 0.039956896551724186
07 0.44437499999999996 0.875 0.31872844827586205 0.2249784482758621
06 0.081875 0.3075 0.08113636363636363 0.22488636363636363
05 0.4125 0.153125 0.05248579545454546 0.061235795454545466
12 0.501875 0.5275000000000001 0.11371951219512194 0.087469512195122
12 0.584375 0.37625 0.10123214285714277 0.12748214285714282
