08 0.7275 0.22375 0.037483552631578876 0.044983552631578966
01 0.9312499999999999 0.683125 0.049991610738254866 0.04374161073825489
18 0.979375 0.805625 0.026206896551724146 0.028706896551724093
20 0.370625 0.08625 0.04624444444444448 0.03249444444444445
04 0.923125 0.57 0.03373809523809512 0.03248809523809526
18 0.25125 0.19124999999999998 0.02999297752808988 0.032492977528089856
15 0.481875 0.2275 0.04124509803921572 0.027495098039215682
05 0.10625 0.03875000000000001 0.03745689655172413 0.039956896551724144
14 0.771875 0.608125 0.07622844827586217 0.03872844827586208
14 0.25875000000000004 0.735625 0.014886363636363698 0.03863636363636369
02 0.35375 0.208125 0.027485795454545436 0.04373579545454548
05 0.703125 0.60375 0.026219512195122086 0.04996951219512202
