01 0.12 0.625625 0.02498355263157892 0.023733552631578947
03 0.319375 0.78625 0.02624161073825504 0.042491610738254915
19 0.535625 0.6481250000000001 0.04870689655172411 0.028706896551724204
04 0.05 0.7275 0.042494444444444446 0.03999444444444433
04 0.11375 0.848125 0.034988095238095235 0.028738095238095118
04 0.27249999999999996 0.809375 0.024992977528089877 0.018742977528089844
19 0.315625 0.7424999999999999 0.021245098039215704 0.05499509803921565
01 0.203125 0.756875 0.028706896551724148 0.023706896551724088
20 0.48875 0.47125 0.04747844827586212 0.04497844827586206
09 0.178125 0.650625 0.031136363636363684 0.053636363636363704
19 0.588125 0.36687499999999995 0.04873579545454554 0.038735795454545474
