03 0.12 0.31375 0.042483552631578936 0.03498355263157893
06 0.728125 0.84875 0.013741610738254861 0.059991610738254986
08 0.01375 0.94125 0.024956896551724138 0.024956896551724173
02 0.018750000000000003 0.8131236111111111 0.017494444444444444 0.01874722222222225
04 0.9081250000000001 0.080625 0.021238095238095167 0.018738095238095234
08 0.5587500000000001 0.25125 0.012492977528089866 0.02999297752808988
20 0.7987500000000001 0.315625 0.01999509803921573 0.021245098039215704
20 0.51125 0.805625 0.012456896551724106 0.011206896551724133
06 0.49187499999999995 0.734375 0.01872844827586201 0.02372844827586218
03 0.2025 0.865 0.03488636363636369 0.029886363636363766
