14 0.08499999999999999 0.38 0.024983552631578948 0.02498355263157892
03 0.89125 0.786875 0.014991610738254835 0.02374161073825487
10 0.28500000000000003 0.398125 0.017456896551724166 0.016206896551724137
06 0.6625 0.4 0.012494444444444364 0.01999444444444448
03 0.15812500000000002 0.4425 0.03123809523809526 0.049988095238095276
20 0.69125 0.29625 0.019992977528089817 0.014992977528089868
07 0.7112499999999999 0.281875 0.022495098039215677 0.023745098039215706
05 0.15437499999999998 0.19 0.01620689655172411 0.02995689655172412
20 0.755 0.918125 0.014978448275862144 0.01372844827586217
07 0.97125 0.821875 0.019886363636363646 0.023636363636363678
