06 0.8318749999999999 0.43875 0.1037335526315789 0.027483552631578922
02 0.365625 0.41125 0.02624161073825504 0.06499161073825505
15 0.349375 0.143125 0.028706896551724093 0.04120689655172412
19 0.595 0.50625 0.0424944444444445 0.0374944444444445
11 0.18125 0.0275 0.03998809523809527 0.03998809523809524
03 0.05125 0.685 0.02249297752808989 0.039992977528089946
06 0.8731249999999999 0.665 0.04124509803921572 0.13749509803921567
07 0.128125 0.276875 0.07870689655172412 0.06120689655172412
06 0.10062499999999999 0.27249999999999996 0.021228448275862052 0.027478448275862044
17 0.321875 0.72375 0.03363636363636363 0.03488636363636366
03 0.85 0.049999999999999996 0.0599857954545453 0.029985795454545452
10 0.1175 0.964375 0.027469512195121934 0.026219512195121975
06 0.27249999999999996 0.50875 0.017482142857142835 0.06248214285714282
03 0.903125 0.434375 0.05623750000000005 0.04623750000000004
