15 0.409375 0.53 0.02123355263157889 0.05248355263157889
18 0.321875 0.043125 0.023741610738255037 0.026241610738255032
18 0.799375 0.680625 0.036206896551724044 0.0387068965517241
14 0.835 0.610625 0.03249444444444438 0.02124444444444451
03 0.6912499999999999 0.598125 0.02248809523809514 0.03623809523809529
08 0.846875 0.019375 0.03874297752808986 0.02374297752808989
08 0.8275 0.34187500000000004 0.027495098039215682 0.05624509803921568
05 0.170625 0.816239224137931 0.041206896551724104 0.03247844827586199
10 0.2525 0.779375 0.027478448275862072 0.02372844827586218
07 0.346875 0.09875 0.07863636363636362 0.014886363636363628
02 0.036250000000000004 0.485 0.03498579545454546 0.0374857954545455
06 0.6637500000000001 0.580625 0.022469512195122054 0.061219512195121895
04 0.770625 0.36875 0.03123214285714293 0.02998214285714279
