07 0.12562500000000001 0.36875 0.008733552631578947 0.03248355263157893
18 0.323125 0.55125 0.013741610738255083 0.014991610738255057
03 0.565 0.33125 0.02495689655172406 0.04745689655172414
11 0.06875 0.05437500000000001 0.022494444444444442 0.016244444444444443
14 0.98375 0.46187500000000004 0.017488095238095136 0.018738095238095276
14 0.84375 0.270625 0.01749297752808987 0.023742977528089848
03 0.4275 0.703125 0.032495098039215686 0.05374509803921579
03 0.875 0.59875 0.03745689655172413 0.03495689655172418
03 0.076875 0.770625 0.021228448275862066 0.053728448275862206
20 0.215625 0.4375 0.02363636363636365 0.01738636363636359
