06 0.4925 0.871875 0.12748355263157884 0.18123355263157892
08 0.6243749999999999 0.558125 0.021241610738255035 0.04624161073825506
05 0.078125 0.27875 0.03370689655172414 0.0749568965517241
10 0.131875 0.828125 0.061244444444444435 0.05374444444444437
15 0.7168749999999999 0.7250000000000001 0.05623809523809509 0.10498809523809516
04 0.8131250000000001 0.186875 0.053742977528089875 0.05374297752808985
11 0.48062499999999997 0.485 0.05624509803921568 0.049995098039215646
10 0.443125 0.971875 0.043706896551724106 0.04120689655172416
10 0.5562499999999999 0.27937500000000004 0.06497844827586208 0.05122844827586209
03 0.640625 0.7725 0.0636363636363636 0.16488636363636378
08 0.650625 0.236875 0.06873579545454545 0.09623579545454544
05 0.43625 0.8825000000000001 0.06746951219512193 0.04996951219512191
03 0.28 0.504375 0.09498214285714285 0.06623214285714285
