20 0.550625 0.665 0.026233552631578894 0.03248355263157887
13 0.8206249999999999 0.58 0.04874161073825489 0.142491610738255
12 0.79375 0.806875 0.04495689655172408 0.061206896551724066
18 0.30812500000000004 0.38687499999999997 0.02874444444444446 0.031244444444444464
08 0.7987500000000001 0.14375 0.024988095238095087 0.027488095238095228
03 0.678125 0.259375 0.061242977528089826 0.033742977528089885
18 0.745 0.2625 0.02999509803921563 0.032495098039215686
17 0.969375 0.8356250000000001 0.04120689655172405 0.04870689655172422
18 0.026875 0.609375 0.028728448275862066 0.03122844827586202
10 0.96875 0.73125 0.02488636363636365 0.032386363636363824
