03 0.2325 0.554375 0.01998355263157897 0.026233552631578894
13 0.80625 0.376875 0.13499161073825494 0.056241610738255066
06 0.750625 0.90125 0.07120689655172407 0.024956896551724173
03 0.03375 0.23375 0.032494444444444444 0.04249444444444442
04 0.438125 0.384375 0.02373809523809528 0.028738095238095285
06 0.6612517556179776 0.88875 0.01749648876404497 0.007492977528089861
03 0.656875 0.33625 0.028745098039215655 0.01999509803921573
05 0.913125 0.94875 0.018706896551724195 0.029956896551724066
04 0.6575 0.8043750000000001 0.022478448275862206 0.021228448275862122
13 0.10750000000000001 0.07875 0.04988636363636363 0.09988636363636363
03 0.8868750000000001 0.47750000000000004 0.06373579545454533 0.017485795454545483
06 0.29874999999999996 0.39437500000000003 0.027469512195122003 0.04121951219512193
