03 0.540625 0.293125 0.033733552631578956 0.053733552631578974
02 0.57875 0.55125 0.03999161073825497 0.052491610738255035
10 0.40625 0.514375 0.029956896551724177 0.018706896551724084
05 0.19937500000000002 0.18 0.02374444444444443 0.04999444444444445
01 0.819375 0.055 0.016238095238095163 0.012488095238095229
01 0.6825 0.260625 0.03749297752808989 0.03374297752808986
06 0.45562499999999995 0.46187500000000004 0.09874509803921566 0.03624509803921566
01 0.11124999999999999 0.334375 0.02245689655172413 0.021206896551724086
00 0.819375 0.6775 0.03122844827586224 0.01997844827586226
19 0.669375 0.48125 0.03113636363636374 0.05238636363636362
01 0.374375 0.349375 0.02123579545454546 0.02123579545454546
