20 0.355 0.80875 0.017483552631578914 0.017483552631578858
04 0.499375 0.441875 0.023741610738255092 0.01624161073825503
00 0.919375 0.071875 0.018706896551724195 0.02120689655172414
19 0.6775 0.9918750000000001 0.01499444444444431 0.013744444444444448
03 0.755625 0.659375 0.03623809523809518 0.023738095238095114
10 0.11124999999999999 0.28437500000000004 0.019992977528089886 0.01624297752808984
04 0.7625 0.14250000000000002 0.017495098039215673 0.019995098039215703
04 0.8 0.7262500000000001 0.019956896551724168 0.019956896551724168
09 0.42625 0.033125 0.014978448275862088 0.02122844827586207
03 0.391875 0.875 0.03363636363636363 0.019886363636363757
13 0.9612535511363637 0.31499644886363637 0.05499289772727267 0.027492897727272703
18 0.525625 0.085625 0.011219512195121961 0.01371951219512195
