02 0.275 0.910625 0.049983552631579 0.0937335526315789
04 0.7106250000000001 0.241875 0.026241610738254928 0.02374161073825501
20 0.20125 0.139375 0.03745689655172413 0.031206896551724136
03 0.436875 0.284375 0.02124444444444451 0.04624444444444442
11 0.9693750000000001 0.878125 0.03373809523809512 0.023738095238095114
10 0.58375 0.190625 0.03499297752808994 0.03374297752808986
05 0.35 0.7093750000000001 0.01749509803921573 0.04374509803921567
03 0.8431249999999999 0.526875 0.03120689655172415 0.03120689655172415
04 0.7206250000000001 0.785625 0.03122844827586213 0.03122844827586224
03 0.8575 0.41875 0.04238636363636372 0.027386363636363598
05 0.030625 0.9737499999999999 0.026235795454545453 0.02248579545454532
00 0.7581249999999999 0.49125 0.03371951219512204 0.024969512195122
