05 0.709375 0.410625 0.023733552631578947 0.04623355263157891
07 0.10875 0.301875 0.04999161073825506 0.021241610738255035
14 0.280625 0.391875 0.02120689655172414 0.06370689655172418
03 0.1925 0.90375 0.03249444444444444 0.014994444444444421
11 0.28312499999999996 0.24812499999999998 0.046238095238095245 0.036238095238095264
03 0.360625 0.24375000000000002 0.04624297752808987 0.04999297752808987
20 0.9337500000000001 0.70875 0.03999509803921575 0.03999509803921564
06 0.745625 0.769375 0.08120689655172408 0.11870689655172417
06 0.470625 0.186875 0.03372844827586208 0.041228448275862056
03 0.38125 0.55 0.0298863636363636 0.039886363636363664
07 0.25250355113636364 0.33687500000000004 0.06749289772727274 0.028735795454545465
