04 0.464375 0.18312499999999998 0.02373355263157889 0.021233552631578972
03 0.16749999999999998 0.6725000000000001 0.022491610738255036 0.017491610738254892
07 0.504375 0.355 0.036206896551724155 0.032456896551724124
06 0.770625 0.608125 0.023744444444444346 0.018744444444444452
02 0.26 0.24875000000000003 0.02248809523809528 0.03248809523809529
08 0.48125 0.48375 0.03499297752808983 0.022492977528089875
08 0.036875000000000005 0.83375 0.01624509803921569 0.03999509803921564
05 0.509375 0.54 0.018706896551724084 0.03745689655172413
03 0.74875 0.07875 0.032478448275862215 0.042478448275862064
18 0.333125 0.396875 0.018636363636363562 0.021136363636363564
06 0.44125000000000003 0.8031250000000001 0.032485795454545496 0.0962357954545453
03 0.5725 0.045625 0.012469512195121935 0.041219512195121946
16 0.600625 0.86375 0.026232142857142815 0.0424821428571428
