20 0.8025 0.30937499999999996 0.027483552631578867 0.028733552631578896
03 0.8500000000000001 0.326875 0.03749161073825491 0.023741610738255037
08 0.094375 0.03125 0.043706896551724134 0.02495689655172414
00 0.8125 0.853125 0.03499444444444433 0.0362444444444443
03 0.45125 0.51875 0.027488095238095256 0.019988095238095194
08 0.7425017556179776 0.42374999999999996 0.032496488764044984 0.03749297752808983
15 0.2875 0.58125 0.05999509803921571 0.07249509803921572
04 0.6993750000000001 0.8375 0.03120689655172415 0.029956896551724066
07 0.69375 0.541875 0.032478448275862215 0.028728448275862073
01 0.8518749999999999 0.383125 0.02363636363636379 0.018636363636363562
