03 0.466875 0.416875 0.051233552631578916 0.04123355263157891
04 0.443125 0.22875 0.04874161073825506 0.05249161073825506
03 0.681875 0.173125 0.06620689655172418 0.041206896551724104
05 0.730001388888889 0.5718749999999999 0.03999722222222213 0.053744444444444484
01 0.225 0.0975 0.03498809523809526 0.034988095238095235
14 0.926875 0.19625 0.05874297752808988 0.06499297752808986
20 0.740625 0.756875 0.038745098039215664 0.028745098039215655
13 0.5562499999999999 0.068125 0.04245689655172413 0.02120689655172415
13 0.815 0.3525 0.09997844827586222 0.05497844827586207
03 0.9456249999999999 0.57125 0.09113636363636368 0.029886363636363655
13 0.7112499999999999 0.79 0.18248579545454535 0.14248579545454532
