20 0.91125 0.18 0.03248355263157898 0.027483552631578978
11 0.47875 0.17125 0.05249161073825498 0.04749161073825506
14 0.699375 0.33875 0.036206896551724155 0.10495689655172413
06 0.19124999999999998 0.8043750000000001 0.14749444444444443 0.0787444444444444
07 0.6537499999999999 0.17875000000000002 0.05748809523809517 0.09748809523809523
08 0.114375 0.273125 0.03624297752808987 0.061242977528089854
08 0.350625 0.4175 0.05374509803921568 0.032495098039215686
05 0.7362500000000001 0.22625 0.05245689655172414 0.044956896551724135
13 0.438125 0.81 0.04622844827586209 0.12247844827586218
11 0.5718749999999999 0.7887500000000001 0.043636363636363584 0.029886363636363655
10 0.48124999999999996 0.213125 0.03998579545454545 0.026235795454545463
