09 0.83125 0.663125 0.014983552631578911 0.04623355263157891
03 0.826875 0.130625 0.028741610738254875 0.07124161073825505
03 0.875625 0.45625 0.03370689655172421 0.022456896551724115
19 0.181875 0.80125 0.028744444444444434 0.04499444444444434
11 0.465625 0.511875 0.03873809523809524 0.038738095238095294
08 0.84375 0.133125 0.009992977528089808 0.0362429775280899
01 0.5543750000000001 0.268125 0.04374509803921567 0.04374509803921567
07 0.903125 0.595 0.0912068965517242 0.029956896551724177
05 0.42562500000000003 0.164375 0.028728448275862017 0.031228448275862075
03 0.77625 0.799375 0.07238636363636375 0.04113636363636364
03 0.358125 0.1 0.01623579545454551 0.029985795454545466
00 0.09 0.13437500000000002 0.03496951219512194 0.03121951219512195
18 0.49375 0.05375 0.022482142857142895 0.024982142857142856
