20 0.34625 0.93625 0.019983552631578916 0.012483552631578854
01 0.985625 0.6031249999999999 0.011241610738254915 0.011241610738255026
18 0.513125 0.886875 0.016206896551724026 0.018706896551724084
13 0.893125 0.18625 0.05874444444444438 0.029994444444444435
03 0.428125 0.84125 0.0487380952380953 0.012488095238095132
13 0.78625 0.35125 0.039992977528089835 0.04249297752808989
00 0.84875 0.1725 0.027495098039215682 0.02749509803921571
06 0.441875 0.81 0.08620689655172414 0.02495689655172406
20 0.0875 0.080625 0.017478448275862063 0.01372844827586206
08 0.09875 0.984375 0.007386363636363635 0.016136363636363837
15 0.4475 0.0725 0.01498579545454548 0.01248579545454545
12 0.423125 0.579375 0.04621951219512194 0.028719512195122032
03 0.031875 0.4675 0.023732142857142854 0.02998214285714279
