03 0.080625 0.8343750000000001 0.04873355263157895 0.031233552631578898
20 0.878125 0.905625 0.03374161073825499 0.028741610738254986
20 0.5918749999999999 0.9575 0.028706896551724204 0.02745689655172412
13 0.836875 0.8712500000000001 0.14374444444444434 0.047494444444444395
03 0.7575 0.105 0.017488095238095136 0.027488095238095228
13 0.821875 0.229375 0.16374297752808986 0.06374297752808986
12 0.7362500000000001 0.614375 0.059995098039215766 0.04374509803921578
14 0.25375000000000003 0.5718749999999999 0.024956896551724117 0.03120689655172415
14 0.06 0.1225 0.02247844827586206 0.04747844827586206
18 0.72875 0.38625 0.02488636363636365 0.027386363636363598
03 0.15000000000000002 0.448125 0.03498579545454547 0.03623579545454547
18 0.5856250000000001 0.119375 0.023719512195122028 0.026219512195121947
