09 0.36124999999999996 0.42125 0.017483552631578914 0.019983552631578916
03 0.12125209731543624 0.65125 0.022495805369127528 0.02999161073825496
03 0.79875 0.64125 0.01745689655172411 0.014956896551724164
08 0.264375 0.370625 0.02624444444444446 0.016244444444444506
12 0.056249999999999994 0.7168749999999999 0.042488095238095235 0.031238095238095176
09 0.8525 0.221875 0.02749297752808988 0.01624297752808987
08 0.839375 0.26875000000000004 0.011245098039215695 0.03499509803921569
14 0.345625 0.9762500000000001 0.03120689655172415 0.014956896551724053
04 0.148125 0.6799999999999999 0.021228448275862066 0.024978448275862264
05 0.776875 0.8243750000000001 0.02113636363636373 0.02363636363636379
11 0.42125 0.199375 0.01498579545454548 0.013735795454545452
01 0.7112499999999999 0.8968750000000001 0.014969512195121992 0.016219512195121966
10 0.035625 0.499375 0.016232142857142858 0.01873214285714281
03 0.925 0.74 0.009987499999999927 0.019987500000000047
