03 0.22312500000000002 0.63 0.023733552631578975 0.03498355263157893
08 0.744375 0.66125 0.028741610738254986 0.024991610738254844
03 0.619375 0.39249999999999996 0.036206896551724155 0.019956896551724113
13 0.9312499999999999 0.199375 0.07999444444444437 0.04374444444444442
14 0.461875 0.35375 0.021238095238095278 0.017488095238095247
18 0.45687500000000003 0.140625 0.0187429775280899 0.0212429775280899
13 0.40875 0.9493750000000001 0.0474950980392157 0.04374509803921567
11 0.15187499999999998 0.724375 0.02870689655172412 0.036206896551724155
11 0.23125 0.271875 0.027478448275862072 0.028728448275862073
19 0.516875 0.514375 0.03113636363636363 0.02863636363636357
20 0.733125 0.168125 0.016235795454545343 0.01123579545454545
04 0.43562500000000004 0.93375 0.023719512195121972 0.029969512195122006
13 0.578125 0.796875 0.03373214285714288 0.10873214285714283
