15 0.5112541118421052 0.06125 0.02999177631578942 0.012483552631578958
09 0.548125 0.26749999999999996 0.04124161073825505 0.06499161073825505
20 0.371875 0.60875 0.02120689655172414 0.019956896551724057
16 0.4525 0.8725 0.0399944444444445 0.029994444444444324
13 0.8825000000000001 0.93125 0.04248809523809516 0.06998809523809513
20 0.246875 0.805625 0.028742977528089853 0.023742977528089848
11 0.0625 0.381875 0.02749509803921569 0.021245098039215704
11 0.79 0.41812499999999997 0.029956896551724177 0.021206896551724086
11 0.86875 0.79125 0.02997844827586227 0.02747844827586221
11 0.9493750000000001 0.68875 0.028636363636363682 0.022386363636363704
