03 0.1675 0.0725 0.03748355263157893 0.03498355263157895
06 0.801875 0.8375 0.018741610738254977 0.12499161073825493
15 0.27937500000000004 0.25 0.03370689655172415 0.032456896551724124
08 0.41375 0.3675 0.01749444444444448 0.03249444444444449
03 0.4525 0.245 0.029988095238095258 0.05248809523809528
03 0.5206249999999999 0.880625 0.03374297752808986 0.028742977528089853
03 0.14625 0.589375 0.014995098039215699 0.04374509803921567
05 0.569375 0.69875 0.036206896551724155 0.03495689655172418
15 0.23500000000000001 0.41625 0.05747844827586207 0.04747844827586206
15 0.206875 0.12187500000000001 0.023636363636363678 0.031136363636363643
