12 0.955 0.374375 0.02498355263157892 0.04373355263157891
09 0.8756250000000001 0.405625 0.04874161073825489 0.031241610738255043
00 0.8206249999999999 0.36250000000000004 0.023706896551724088 0.014956896551724108
04 0.686875 0.051250000000000004 0.0212444444444444 0.014994444444444442
20 0.4125 0.983125 0.014988095238095245 0.013738095238095105
03 0.5075000000000001 0.17125 0.032492977528089884 0.017492977528089843
18 0.031875 0.7481249999999999 0.016245098039215686 0.018745098039215757
03 0.161875 0.7125 0.016206896551724137 0.01745689655172411
02 0.645625 0.143125 0.026228448275862126 0.01372844827586206
03 0.979375 0.609375 0.008636363636363775 0.016136363636363615
20 0.671875 0.07750000000000001 0.008735795454545281 0.009985795454545462
03 0.8943749999999999 0.49624999999999997 0.013719512195122019 0.022469512195121943
06 0.5262500000000001 0.885 0.009982142857142828 0.02498214285714284
08 0.859375 0.92625 0.043737499999999985 0.014987500000000042
