03 0.27375000000000005 0.3825 0.01998355263157897 0.02498355263157892
01 0.5856250000000001 0.17875000000000002 0.02374161073825498 0.019991610738255033
03 0.44875 0.96875 0.014956896551724108 0.029956896551724066
12 0.829375 0.534375 0.041244444444444306 0.043744444444444475
06 0.33999999999999997 0.32375 0.01998809523809525 0.04498809523809527
10 0.03937499999999999 0.441875 0.033742977528089885 0.023742977528089848
04 0.6000000000000001 0.62625 0.032495098039215686 0.022495098039215677
15 0.693125 0.115625 0.0387068965517241 0.02120689655172414
08 0.259375 0.9768749999999999 0.023728448275862096 0.026228448275862237
02 0.32437499999999997 0.63375 0.03113636363636363 0.06238636363636374
03 0.67625 0.72 0.05248579545454535 0.04748579545454534
