14 0.9693750000000001 0.2075 0.01123355263157888 0.024983552631578976
15 0.360625 0.07125000000000001 0.026241610738255094 0.01999161073825504
15 0.12625 0.32125 0.054956896551724144 0.022456896551724115
07 0.89625 0.09125 0.027494444444444266 0.06249444444444445
06 0.943125 0.7362500000000001 0.01873809523809511 0.024988095238095087
04 0.76875 0.135625 0.027492977528089768 0.031242977528089896
03 0.219375 0.3718737745098039 0.028745098039215683 0.02374754901960785
02 0.92125 0.13 0.039956896551724075 0.014956896551724122
04 0.38625 0.481875 0.03247844827586205 0.02372844827586207
06 0.74125 0.709375 0.0848863636363637 0.011136363636363722
06 0.96 0.38375 0.0599857954545453 0.009985795454545476
10 0.720625 0.309375 0.03121951219512198 0.02121951219512197
