14 0.594375 0.589375 0.033733552631578956 0.013733552631578938
06 0.5543750000000001 0.03625 0.028741610738255097 0.057491610738255025
14 0.8143750000000001 0.91125 0.01370689655172408 0.04495689655172419
06 0.825625 0.28875 0.061244444444444324 0.047494444444444395
07 0.86375 0.620625 0.024988095238095198 0.04373809523809524
09 0.693125 0.5606249999999999 0.028742977528089853 0.026242977528089795
03 0.29 0.21125 0.027495098039215682 0.03999509803921569
03 0.870625 0.058124999999999996 0.0237068965517242 0.02120689655172414
04 0.734375 0.23375 0.021228448275862233 0.02497844827586207
09 0.603125 0.6712499999999999 0.03863636363636358 0.03738636363636372
06 0.174375 0.41500000000000004 0.051235795454545485 0.03498579545454544
15 0.260625 0.514375 0.03371951219512201 0.028719512195122032
20 0.5293749999999999 0.836875 0.018732142857142864 0.018732142857142864
20 0.214375 0.168125 0.011237500000000011 0.00873750000000001
