02 0.673125 0.24375 0.03873355263157885 0.05748355263157895
03 0.19 0.078125 0.027491610738255068 0.04374161073825504
14 0.12937500000000002 0.33625000000000005 0.033706896551724125 0.02995689655172412
03 0.7131236111111111 0.8187500000000001 0.06124722222222223 0.037494444444444386
15 0.278125 0.36250000000000004 0.08123809523809525 0.024988095238095254
18 0.611875 0.5856250000000001 0.03374297752808986 0.036242977528089804
01 0.395625 0.105 0.04124509803921572 0.03999509803921569
20 0.029375000000000002 0.41125 0.03620689655172414 0.034956896551724126
01 0.189375 0.35625 0.021228448275862066 0.022478448275862095
18 0.36 0.19874999999999998 0.0323863636363636 0.03488636363636369
06 0.42000000000000004 0.915625 0.03498579545454544 0.09873579545454536
03 0.58875 0.16312500000000002 0.02496951219512189 0.02871951219512195
11 0.234375 0.888125 0.04123214285714283 0.028732142857142873
