14 0.33125 0.109375 0.027483552631578978 0.021233552631578945
02 0.08125 0.25625 0.02749161073825504 0.10249161073825505
14 0.321875 0.7581249999999999 0.031206896551724095 0.05620689655172406
05 0.713125 0.931875 0.031244444444444408 0.043744444444444364
01 0.21250000000000002 0.7637499999999999 0.02248809523809528 0.019988095238095194
03 0.88125 0.828125 0.019992977528089817 0.05874297752808988
07 0.2575 0.8106249999999999 0.01999509803921573 0.07124509803921575
07 0.215625 0.5225 0.043706896551724134 0.029956896551724177
03 0.7424999999999999 0.8587499999999999 0.01997844827586215 0.03747844827586222
20 0.811875 0.4575 0.033636363636363686 0.022386363636363593
03 0.82125 0.8574999999999999 0.054985795454545294 0.05248579545454535
