15 0.236875 0.064375 0.046233552631578995 0.05623355263157895
07 0.526875 0.803125 0.17624161073825512 0.031241610738254932
06 0.210625 0.0475 0.033706896551724125 0.01495689655172415
07 0.4531263888888889 0.655 0.07124722222222224 0.03249444444444449
08 0.60375 0.96375 0.01498809523809519 0.027488095238095145
02 0.719375 0.7437499999999999 0.04874297752808987 0.04249297752808989
00 0.8106249999999999 0.438125 0.046245098039215615 0.031245098039215713
14 0.391875 0.370625 0.02620689655172409 0.026206896551724146
03 0.555 0.3225 0.039978448275862055 0.01747844827586209
10 0.023125 0.385 0.03363636363636363 0.034886363636363604
