03 0.6668750000000001 0.65875 0.031233552631578898 0.0624835526315789
09 0.38687499999999997 0.84625 0.02124161073825509 0.034991610738254963
06 0.36561422413793104 0.909375 0.053728448275862095 0.06620689655172407
14 0.518125 0.81125 0.033744444444444466 0.037494444444444386
08 0.8725 0.12625 0.024988095238095087 0.039988095238095225
04 0.915 0.09125 0.032492977528089884 0.02749297752808988
03 0.628123774509804 0.20500000000000002 0.026247549019607908 0.0174950980392157
02 0.42375 0.125 0.01745689655172411 0.022456896551724115
18 0.085 0.15625 0.019978448275862065 0.02247844827586204
13 0.65 0.361875 0.05238636363636373 0.0686363636363636
18 0.819375 0.451875 0.021235795454545348 0.02373579545454546
13 0.255 0.8331249999999999 0.19746951219512196 0.03621951219512198
20 0.36750000000000005 0.32437499999999997 0.02248214285714284 0.023732142857142813
18 0.05500000000000001 0.33499999999999996 0.017487499999999996 0.02248750000000005
