03 0.071875 0.038125 0.016233552631578954 0.03123355263157895
14 0.621875 0.78 0.01624161073825503 0.012491610738254888
04 0.390625 0.77625 0.02120689655172414 0.02745689655172412
04 0.9025000000000001 0.571875 0.027494444444444377 0.018744444444444452
08 0.316875 0.1325 0.05123809523809525 0.07748809523809524
18 0.75625 0.728125 0.01749297752808987 0.018742977528089844
03 0.719998774509804 0.400625 0.03749754901960778 0.03374509803921566
10 0.629375 0.32125000000000004 0.02120689655172414 0.014956896551724108
03 0.386875 0.35875 0.01372844827586206 0.01747844827586209
15 0.12125 0.638125 0.059886363636363626 0.028636363636363682
