03 0.2375 0.661875 0.027483552631578978 0.06373355263157898
12 0.78375 0.057499999999999996 0.03999161073825486 0.04499161073825503
18 0.39625 0.8612500000000001 0.01745689655172411 0.019956896551724168
20 0.9512499999999999 0.741875 0.02499444444444443 0.023744444444444346
01 0.55125 0.8456250000000001 0.03498809523809521 0.031238095238095176
12 0.340625 0.8049999999999999 0.03874297752808986 0.06499297752808986
03 0.6399999999999999 0.056875 0.042495098039215695 0.018745098039215688
00 0.49624999999999997 0.171875 0.02245689655172417 0.016206896551724137
03 0.166875 0.256875 0.016228448275862062 0.03372844827586208
13 0.8612500000000001 0.965625 0.05488636363636379 0.0336363636363638
06 0.506875 0.2599964488636364 0.10873579545454548 0.04749289772727275
08 0.345625 0.20750000000000002 0.026219512195121975 0.03246951219512198
04 0.42125 0.6025 0.027482142857142844 0.0274821428571429
