04 0.92 0.4575 0.02498355263157892 0.02498355263157892
04 0.890625 0.49375 0.021241610738254924 0.014991610738255057
00 0.039375 0.110625 0.02370689655172414 0.021206896551724128
03 0.8999999999999999 0.198125 0.019994444444444315 0.011244444444444418
13 0.110625 0.25875000000000004 0.033738095238095234 0.04498809523809527
03 0.778125 0.96 0.07374297752808989 0.03499297752808983
07 0.6275 0.546875 0.0574950980392156 0.011245098039215584
20 0.9425 0.075 0.022456896551724226 0.024956896551724145
09 0.45125 0.268125 0.029978448275862046 0.026228448275862015
03 0.27375 0.355 0.014886363636363642 0.01988636363636359
11 0.3225 0.7925 0.017485795454545483 0.017485795454545316
