20 0.51875 0.510625 0.02498355263157892 0.021233552631579
15 0.23625 0.7375 0.03499161073825502 0.029991610738254848
03 0.381875 0.52125 0.06870689655172413 0.039956896551724075
15 0.5525 0.398125 0.07249444444444442 0.053744444444444484
03 0.13374999999999998 0.754375 0.01998809523809522 0.028738095238095118
14 0.876875 0.24375 0.03874297752808986 0.052492977528089846
06 0.0225 0.328125 0.024995098039215687 0.03624509803921572
03 0.734375 0.776875 0.03370689655172421 0.0962068965517241
07 0.169375 0.5774999999999999 0.09122844827586207 0.09747844827586205
05 0.8531249999999999 0.4825 0.0486363636363637 0.04488636363636356
20 0.72125 0.81875 0.03998579545454539 0.03498579545454539
14 0.27749999999999997 0.869375 0.03996951219512196 0.061219512195122006
16 0.61375 0.708125 0.06498214285714288 0.04623214285714283
03 0.795625 0.684375 0.04623750000000004 0.0687375
