15 0.30625411184210527 0.044375000000000005 0.062491776315789505 0.028733552631578955
08 0.40312499999999996 0.6925 0.09124161073825504 0.017491610738255003
10 0.113125 0.6525 0.05870689655172413 0.04745689655172414
06 0.476875 0.388125 0.05124444444444454 0.061244444444444546
05 0.45875 0.815 0.03248809523809526 0.062488095238095176
11 0.385625 0.344375 0.04624297752808981 0.03624297752808986
02 0.043125 0.7731250000000001 0.04124509803921568 0.06124509803921574
03 0.2125 0.8674999999999999 0.04995689655172414 0.07745689655172405
04 0.684375 0.643125 0.05122844827586215 0.05122844827586215
10 0.38625 0.18875 0.0323863636363636 0.03238636363636366
03 0.200625 0.5462499999999999 0.038735795454545474 0.01498579545454548
08 0.850625 0.218125 0.03371951219512204 0.04371951219512196
01 0.394375 0.96125 0.04123214285714283 0.02498214285714284
