03 0.8981250000000001 0.38125 0.05623355263157881 0.034983552631578874
08 0.315 0.5743750000000001 0.052491610738255035 0.03374161073825499
00 0.28312499999999996 0.956875 0.04620689655172411 0.0387068965517241
11 0.730625 0.97 0.033744444444444355 0.03499444444444433
10 0.356875 0.020624999999999998 0.033738095238095234 0.026238095238095237
05 0.568125 0.9256249999999999 0.04124297752808981 0.0212429775280899
03 0.57125 0.4525 0.0474950980392157 0.042495098039215695
06 0.490625 0.304375 0.08620689655172414 0.09870689655172415
03 0.07875 0.77125 0.02497844827586207 0.042478448275862224
11 0.42500000000000004 0.8712500000000001 0.03988636363636361 0.03488636363636377
