00 0.285625 0.36624999999999996 0.01623355263157894 0.01248355263157891
04 0.74125 0.10125 0.022491610738254897 0.017491610738255045
02 0.580625 0.210625 0.028706896551724204 0.01870689655172414
04 0.384375 0.11937500000000001 0.028744444444444517 0.028744444444444475
06 0.19249702380952383 0.32 0.052494047619047635 0.037488095238095265
07 0.5787500000000001 0.638125 0.022492977528089875 0.018742977528089955
03 0.8775 0.674375 0.04999509803921576 0.018745098039215757
12 0.9706250000000001 0.22312500000000002 0.028706896551724204 0.031206896551724123
20 0.888125 0.508125 0.026228448275862237 0.02872844827586213
03 0.7 0.6825 0.014886363636363753 0.014886363636363642
14 0.113125 0.721875 0.028735795454545465 0.0187357954545454
12 0.73375 0.1 0.03246951219512195 0.03246951219512194
