15 0.553125 0.39375 0.05623355263157892 0.019983552631578916
01 0.1525 0.5275000000000001 0.009991610738255052 0.012491610738254999
08 0.18937500000000002 0.38875 0.01620689655172411 0.01745689655172411
03 0.874375 0.8343750000000001 0.023744444444444346 0.02874444444444435
01 0.5775 0.03875 0.019988095238095305 0.014988095238095231
03 0.295 0.87375 0.012492977528089866 0.022492977528089875
06 0.88375 0.628125 0.027495098039215682 0.011245098039215695
01 0.055 0.39 0.01495689655172415 0.014956896551724108
07 0.924375 0.85625 0.018728448275862175 0.04497844827586228
14 0.036875 0.5 0.03363636363636363 0.01988636363636359
20 0.26749999999999996 0.369375 0.012485795454545479 0.01123579545454545
14 0.881875 0.645625 0.011219512195121961 0.033719512195121926
04 0.729375 0.27625 0.02123214285714292 0.019982142857142837
18 0.05875 0.7381249999999999 0.014987499999999987 0.018737499999999963
