03 0.595 0.771875 0.02498355263157892 0.03873355263157885
11 0.161875 0.20750000000000002 0.04624161073825506 0.022491610738255036
04 0.779375 0.765625 0.036206896551724155 0.028706896551724093
20 0.28500000000000003 0.51 0.017494444444444424 0.012494444444444586
03 0.15125 0.390625 0.014988095238095245 0.061238095238095314
01 0.511875 0.349375 0.04124297752808981 0.03624297752808986
04 0.548125 0.37875 0.038745098039215664 0.042495098039215695
09 0.63375 0.8187500000000001 0.032456896551724124 0.05495689655172409
07 0.405625 0.0275 0.02372844827586207 0.03997844827586207
20 0.10250000000000001 0.14375 0.02988636363636364 0.01988636363636362
11 0.23375 0.36124999999999996 0.03248579545454547 0.022485795454545487
05 0.47187500000000004 0.11875 0.028719512195121977 0.039969512195121945
02 0.73875 0.59875 0.06248214285714282 0.12248214285714276
16 0.5562499999999999 0.060625 0.047487500000000016 0.04623750000000001
