06 0.39937500000000004 0.93875 0.05873355263157892 0.029983552631578925
11 0.49124999999999996 0.014375 0.022491610738255063 0.021241610738255035
03 0.41436422413793106 0.641875 0.018728448275862064 0.01370689655172408
02 0.235 0.645 0.024994444444444402 0.03249444444444449
12 0.878125 0.069375 0.02623809523809506 0.028738095238095236
11 0.5125 0.875 0.019992977528089928 0.01749297752808987
00 0.630625 0.6825 0.023745098039215762 0.014995098039215726
18 0.63125 0.42125 0.014956896551724164 0.01745689655172411
03 0.8899999999999999 0.683125 0.02747844827586221 0.02372844827586218
06 0.07690340909090909 0.92625 0.05119318181818181 0.004886363636363744
04 0.869375 0.3775 0.01873579545454529 0.017485795454545427
14 0.648125 0.6681250000000001 0.03121951219512198 0.023719512195122028
10 0.96125 0.974375 0.02498214285714284 0.026232142857142815
03 0.2525 0.10625 0.027487499999999998 0.017487500000000017
