09 0.3806291118421053 0.9681249999999999 0.03374177631578945 0.02123355263157889
11 0.12312500000000001 0.9693750000000001 0.02374161073825505 0.01624161073825492
05 0.43 0.639375 0.02745689655172412 0.018706896551724084
09 0.9375 0.5531250000000001 0.01499444444444431 0.03124444444444452
10 0.083125 0.485625 0.033738095238095234 0.02373809523809528
03 0.9450000000000001 0.05875 0.022492977528089875 0.019992977528089893
10 0.2975 0.6331249999999999 0.022495098039215677 0.02374509803921565
14 0.22875 0.49875 0.024956896551724145 0.017456896551724166
19 0.42374999999999996 0.14 0.03747844827586205 0.022478448275862067
20 0.64875 0.155625 0.022386363636363704 0.021136363636363648
03 0.515625 0.850625 0.018735795454545512 0.021235795454545348
