20 0.7693749999999999 0.20937499999999998 0.02123355263157889 0.021233552631578972
01 0.295 0.95875 0.02999161073825507 0.01999161073825495
03 0.9424999999999999 0.813125 0.032456896551724124 0.06870689655172413
10 0.6543749999999999 0.639375 0.04124444444444442 0.026244444444444404
10 0.349375 0.3825 0.041238095238095296 0.04248809523809527
06 0.16249999999999998 0.384375 0.012492977528089894 0.10374297752808986
03 0.65375 0.206875 0.03999509803921575 0.04624509803921567
11 0.61375 0.605 0.04745689655172414 0.03495689655172418
20 0.66625 0.420625 0.04497844827586217 0.038728448275862026
20 0.785625 0.8875 0.043636363636363695 0.03488636363636377
03 0.86875 0.243125 0.03998579545454528 0.08623579545454546
