04 0.8162499999999999 0.744375 0.029983552631578925 0.033733552631578956
03 0.421875 0.35375 0.018741610738255088 0.01999161073825506
11 0.8375 0.656875 0.03495689655172418 0.028706896551724093
02 0.8612500000000001 0.60625 0.029994444444444324 0.05249444444444451
14 0.198125 0.141875 0.038738095238095266 0.036238095238095236
03 0.513125 0.5175000000000001 0.018742977528089955 0.014992977528089813
20 0.785 0.88375 0.024995098039215735 0.01999509803921573
05 0.56625 0.36312500000000003 0.01745689655172411 0.03870689655172416
06 0.22500538793103447 0.34562499999999996 0.06498922413793104 0.08872844827586207
13 0.6793750000000001 0.07750000000000001 0.12113636363636371 0.11988636363636365
03 0.058124999999999996 0.6125 0.04123579545454545 0.054985795454545516
20 0.076875 0.21125 0.01871951219512194 0.014969512195121992
06 0.21000000000000002 0.59375 0.09248214285714285 0.04248214285714291
20 0.360625 0.680625 0.02623749999999997 0.018737499999999963
