03 0.9256249999999999 0.23875000000000002 0.03873355263157896 0.04248355263157899
08 0.916875 0.681875 0.026241610738254817 0.01624161073825492
06 0.345625 0.18375 0.02120689655172414 0.08245689655172411
08 0.9025 0.44 0.02499444444444432 0.01749444444444448
20 0.43875 0.1525 0.014988095238095245 0.014988095238095245
15 0.45687500000000003 0.3625 0.02624297752808985 0.01749297752808987
03 0.89 0.013750000000000002 0.014995098039215726 0.022495098039215688
06 0.5506249999999999 0.38875000000000004 0.08620689655172409 0.024956896551724117
18 0.5706249999999999 0.44125000000000003 0.016228448275862006 0.019978448275862093
20 0.111875 0.315625 0.028636363636363626 0.02113636363636362
15 0.9612499999999999 0.22875 0.024985795454545268 0.03248579545454547
