03 0.55625 0.72375 0.08998355263157887 0.06498355263157896
03 0.34187500000000004 0.049999999999999996 0.05374161073825506 0.02999161073825503
14 0.3625 0.473125 0.07995689655172411 0.04620689655172411
14 0.665 0.519375 0.05499444444444446 0.04624444444444453
03 0.0875 0.538125 0.027488095238095242 0.0612380952380952
06 0.18312499999999998 0.37875000000000003 0.13874297752808984 0.15499297752808988
14 0.49875 0.12437500000000001 0.0499950980392157 0.056245098039215694
20 0.396875 0.77875 0.04620689655172411 0.032456896551724124
00 0.224375 0.824375 0.06372844827586208 0.0437284482758622
13 0.255 0.083125 0.11738636363636368 0.10363636363636364
15 0.53625 0.7575000000000001 0.03248579545454544 0.02248579545454532
06 0.7731250000000001 0.685 0.06371951219512206 0.03746951219512196
