15 0.890625 0.42625 0.023733552631578947 0.04998355263157889
02 0.7443770973154362 0.95 0.031245805369127466 0.03749161073825491
11 0.204375 0.45375 0.02120689655172414 0.01745689655172411
01 0.345625 0.5349999999999999 0.016244444444444506 0.012494444444444475
15 0.204375 0.35 0.01123809523809527 0.012488095238095298
06 0.275 0.34562499999999996 0.009992977528089864 0.021242977528089846
03 0.18125 0.08875 0.022495098039215677 0.014995098039215685
15 0.485 0.1725 0.024956896551724117 0.017456896551724138
03 0.075625 0.6306196120689656 0.02622844827586207 0.011239224137930992
03 0.211875 0.3475 0.013636363636363669 0.022386363636363593
