20 0.66625 0.035625000000000004 0.029983552631578814 0.02873355263157895
04 0.42500000000000004 0.505 0.027491610738255068 0.022491610738255063
10 0.34187500000000004 0.708125 0.028706896551724148 0.026206896551724146
09 0.31500000000000006 0.44999999999999996 0.01999444444444448 0.02999444444444449
01 0.04125 0.02625 0.034988095238095235 0.034988095238095235
06 0.6631267556179775 0.220625 0.018746488764044944 0.028742977528089853
08 0.7275 0.353125 0.024995098039215624 0.02874509803921571
03 0.44 0.7625 0.019956896551724168 0.0649568965517241
03 0.3775 0.9675 0.0274784482758621 0.04497844827586217
03 0.246875 0.489375 0.016136363636363643 0.02113636363636362
13 0.8418749999999999 0.928125 0.06623579545454528 0.08873579545454535
13 0.32125 0.27 0.07246951219512199 0.05496951219512197
20 0.24937499999999999 0.391875 0.028732142857142817 0.021232142857142866
