01 0.6275 0.90375 0.03498355263157882 0.03248355263157887
03 0.88625 0.441875 0.01999161073825495 0.07124161073825502
12 0.4225 0.19874999999999998 0.054956896551724144 0.06995689655172413
01 0.36812500000000004 0.38749999999999996 0.028744444444444517 0.02999444444444449
03 0.2225 0.605 0.049988095238095276 0.027488095238095256
03 0.734375 0.15312499999999998 0.07124297752808983 0.06124297752808987
03 0.7637499999999999 0.19624999999999998 0.052495098039215704 0.05499509803921568
20 0.891875 0.4675 0.028706896551724093 0.019956896551724113
14 0.37124999999999997 0.71375 0.03247844827586205 0.06747844827586214
06 0.4425 0.771875 0.06738636363636363 0.09613636363636369
14 0.36 0.40812499999999996 0.02498579545454549 0.038735795454545474
