01 0.6775 0.6112500000000001 0.05498355263157895 0.054983552631578836
04 0.401875 0.161875 0.04124161073825505 0.04124161073825505
20 0.075 0.32375 0.037456896551724135 0.03995689655172413
08 0.38875000000000004 0.7324999999999999 0.02999444444444449 0.047494444444444395
03 0.075 0.5331250000000001 0.042488095238095235 0.06873809523809526
08 0.263125 0.860625 0.06374297752808986 0.026242977528089906
10 0.9368749999999999 0.33 0.031245098039215713 0.027495098039215682
19 0.47624999999999995 0.5293749999999999 0.024956896551724117 0.05620689655172406
04 0.551875 0.5225 0.03122844827586202 0.029978448275862046
04 0.2575 0.128125 0.03488636363636366 0.02363636363636365
03 0.3025 0.233125 0.047485795454545454 0.05873579545454549
03 0.179375 0.5393749999999999 0.028719512195121977 0.053719512195122054
03 0.4 0.5375 0.04998214285714281 0.0374821428571428
