06 0.8512500000000001 0.7537499999999999 0.027483552631578978 0.022483552631578863
15 0.7849999999999999 0.920625 0.017491610738254892 0.026241610738254928
06 0.13625 0.05875 0.08745689655172413 0.05745689655172414
20 0.8625 0.23062500000000002 0.02499444444444443 0.02374444444444443
06 0.201875 0.116875 0.05123809523809525 0.08873809523809527
03 0.5950017556179775 0.266875 0.02749648876404498 0.021242977528089846
14 0.736875 0.5775 0.04374509803921567 0.024995098039215735
20 0.87375 0.875 0.019956896551724168 0.022456896551724226
01 0.735 0.71875 0.024978448275862153 0.02997844827586227
07 0.849971590909091 0.460625 0.04494318181818191 0.04113636363636364
03 0.63125 0.05312499999999999 0.022485795454545432 0.05123579545454545
06 0.5275076219512195 0.6075 0.022484756097560954 0.03246951219512195
08 0.768125 0.07624553571428572 0.04123214285714283 0.03249107142857144
