06 0.586875 0.42562500000000003 0.026233552631578894 0.013733552631578883
03 0.374375 0.44625 0.02624161073825504 0.014991610738255057
06 0.573760775862069 0.7931250000000001 0.07247844827586203 0.02120689655172414
18 0.08875000000000001 0.669375 0.01749444444444445 0.01874444444444434
01 0.206875 0.213125 0.031238095238095287 0.03373809523809526
03 0.40125 0.7 0.032492977528089884 0.04249297752808989
04 0.398125 0.911875 0.0162450980392157 0.018745098039215646
06 0.7893749999999999 0.64625 0.06370689655172412 0.04495689655172419
11 0.673125 0.489375 0.03372844827586219 0.023728448275862013
13 0.389375 0.6756249999999999 0.03363636363636363 0.05863636363636371
10 0.865 0.9112499999999999 0.02248579545454532 0.02248579545454532
01 0.1475 0.0575 0.014969512195121937 0.01496951219512195
