02 0.9312541118421053 0.78125 0.017491776315789354 0.022483552631578974
18 0.299375 0.435625 0.008741610738255079 0.011241610738255026
18 0.0325 0.831875 0.014956896551724136 0.018706896551724084
05 0.86375 0.29125 0.012494444444444364 0.022494444444444428
01 0.9625 0.5425 0.019988095238095083 0.017488095238095247
04 0.209375 0.74875 0.021242977528089846 0.019992977528089817
03 0.7268749999999999 0.945625 0.011245098039215695 0.0162450980392157
00 0.133125 0.164375 0.021206896551724128 0.01870689655172414
05 0.051875000000000004 0.7675 0.013728448275862067 0.032478448275862215
09 0.685625 0.309375 0.011136363636363722 0.018636363636363673
07 0.131875 0.16125 0.033735795454545456 0.05748579545454546
07 0.09750762195121951 0.9143749999999999 0.019984756097560966 0.018719512195121912
09 0.680625 0.18 0.011232142857142802 0.02498214285714284
08 0.095 0.1075 0.02248750000000002 0.014987500000000015
