15 0.38187911184210527 0.32875 0.07874177631578949 0.08498355263157897
05 0.09437500000000001 0.890625 0.08374161073825505 0.046241610738254835
08 0.173125 0.631875 0.14870689655172414 0.07870689655172414
06 0.23312500000000003 0.855625 0.1787444444444445 0.2087444444444444
04 0.135 0.6399999999999999 0.07748809523809524 0.062488095238095176
18 0.515625 0.8743749999999999 0.05124297752808982 0.053742977528089875
06 0.21125 0.23625000000000002 0.029995098039215684 0.05999509803921568
03 0.601875 0.6925 0.06870689655172413 0.06745689655172415
08 0.29125 0.454375 0.03747844827586205 0.13122844827586205
20 0.573125 0.84875 0.0586363636363636 0.04488636363636367
13 0.56375 0.51 0.2224857954545454 0.07748579545454543
