03 0.545625 0.31062088815789474 0.016233552631578885 0.011241776315789487
07 0.4643770973154362 0.07125000000000001 0.03124580536912752 0.01999161073825504
06 0.548125 0.941875 0.07370689655172413 0.03120689655172415
08 0.733125 0.66625 0.026244444444444404 0.01499444444444431
03 0.8512500000000001 0.81875 0.027488095238095034 0.02998809523809509
18 0.15000000000000002 0.48875 0.012492977528089894 0.014992977528089868
09 0.89375 0.5706249999999999 0.02999509803921574 0.038745098039215775
15 0.883135775862069 0.313125 0.021228448275862122 0.013706896551724135
06 0.6174999999999999 0.943125 0.012478448275862086 0.018728448275862286
03 0.203125 0.89125 0.006136363636363662 0.03238636363636371
03 0.983125 0.6525 0.01873579545454529 0.027485795454545325
03 0.461875 0.145625 0.016219512195121966 0.011219512195121961
