06 0.40937500000000004 0.26 0.05873355263157892 0.06998355263157899
13 0.201875 0.30874999999999997 0.08124161073825503 0.08499161073825506
03 0.71375 0.578125 0.019956896551724057 0.0387068965517241
15 0.45562638888888884 0.81375 0.03124722222222226 0.019994444444444315
09 0.626875 0.094375 0.06373809523809526 0.023738095238095225
10 0.13 0.9425 0.034992977528089886 0.02749297752808988
12 0.29875 0.5449999999999999 0.042495098039215695 0.059995098039215766
10 0.766875 0.09687499999999999 0.023706896551724088 0.02370689655172413
06 0.2675 0.369375 0.09247844827586207 0.08372844827586207
12 0.18625 0.81125 0.08238636363636365 0.057386363636363735
