00 0.8162499999999999 0.7662500000000001 0.03248355263157887 0.029983552631578925
07 0.9525 0.16562500000000002 0.06249161073825493 0.07124161073825505
03 0.881875 0.23812499999999998 0.05870689655172412 0.03620689655172413
04 0.6031249999999999 0.27875 0.03124444444444452 0.03499444444444444
03 0.465625 0.24875000000000003 0.031238095238095287 0.017488095238095275
11 0.3 0.011875 0.029992977528089826 0.021242977528089887
05 0.5875 0.355 0.03749509803921569 0.019995098039215675
03 0.65125 0.5331250000000001 0.029956896551724066 0.05620689655172406
11 0.19125 0.97375 0.029978448275862046 0.03497844827586216
04 0.271875 0.575 0.031136363636363684 0.02488636363636354
