06 0.650625 0.3825 0.07373355263157899 0.04248355263157888
05 0.379375 0.05875 0.023741610738255037 0.02249161073825503
20 0.313125 0.63625 0.011206896551724133 0.012456896551724106
12 0.049375 0.33499999999999996 0.026244444444444445 0.02999444444444449
03 0.28125 0.400625 0.029988095238095314 0.01123809523809527
08 0.76125 0.351875 0.01749297752808987 0.03374297752808986
10 0.8975 0.355 0.022495098039215677 0.01499509803921567
03 0.686875 0.286875 0.046206896551724164 0.04120689655172416
08 0.9568696120689655 0.042499999999999996 0.016239224137931108 0.01747844827586207
12 0.9081250000000001 0.840625 0.028636363636363682 0.026136363636363735
03 0.85375 0.58375 0.019985795454545263 0.012485795454545423
06 0.34750000000000003 0.0375 0.03996951219512196 0.05496951219512195
04 0.163125 0.2925 0.021232142857142866 0.02248214285714284
11 0.03625 0.865 0.019987500000000002 0.0174875000000001
