11 0.20875 0.479375 0.054983552631578975 0.038733552631578905
18 0.671875 0.12875 0.03374161073825488 0.03499161073825503
03 0.04187500000000001 0.26875 0.05120689655172415 0.10495689655172413
03 0.27437500000000004 0.6699999999999999 0.08874444444444446 0.047494444444444395
18 0.955 0.97125 0.037488095238095154 0.03998809523809521
01 0.310625 0.423125 0.03874297752808986 0.031242977528089855
20 0.10125 0.343125 0.024995098039215694 0.02874509803921571
13 0.2875 0.5643750000000001 0.18245689655172412 0.1062068965517241
02 0.2812553879310345 0.364375 0.039989224137931045 0.0587284482758621
04 0.03125 0.750625 0.04988636363636363 0.03113636363636374
