20 0.31375 0.683125 0.042483552631578936 0.031233552631578898
20 0.30625 0.37375 0.04249161073825508 0.03999161073825502
04 0.45375 0.801875 0.05995689655172415 0.04870689655172411
03 0.4525 0.89125 0.1024944444444445 0.054994444444444346
20 0.210625 0.7975000000000001 0.048738095238095275 0.044988095238095105
14 0.13874999999999998 0.71375 0.06249297752808988 0.05249297752808979
04 0.615625 0.843125 0.056245098039215735 0.04124509803921561
04 0.690625 0.215 0.036206896551724044 0.054956896551724144
18 0.52 0.519375 0.039978448275862055 0.04372844827586203
14 0.48750000000000004 0.113125 0.03988636363636361 0.028636363636363626
05 0.045 0.7975 0.06248579545454545 0.04748579545454534
