06 0.89625 0.23312500000000003 0.02498355263157892 0.021233552631578972
02 0.44375 0.5225 0.019991610738255006 0.022491610738255008
08 0.43125 0.65125 0.03995689655172413 0.024956896551724173
20 0.951875 0.14125 0.013744444444444337 0.012494444444444447
04 0.2175 0.5575 0.02248809523809525 0.019988095238095305
06 0.103125 0.085625 0.03874297752808989 0.028742977528089894
01 0.4175 0.028125000000000004 0.019995098039215675 0.013745098039215687
03 0.949375 0.41625 0.016206896551724137 0.024956896551724117
07 0.725625 0.8243750000000001 0.036228448275862246 0.056228448275862264
11 0.954375 0.07875 0.02363636363636379 0.017386363636363644
14 0.5525 0.59625 0.01498579545454548 0.017485795454545427
01 0.791875 0.245 0.013719512195121908 0.012469512195121962
