19 0.33625 0.56 0.027483552631578867 0.04248355263157888
03 0.569375 0.07125000000000001 0.03374161073825499 0.01999161073825504
20 0.8031250000000001 0.81 0.023706896551724088 0.01745689655172422
02 0.776875 0.839375 0.043744444444444364 0.02874444444444435
00 0.935 0.11249999999999999 0.027488095238095034 0.022488095238095238
11 0.435 0.744375 0.02499297752808982 0.02124297752808979
08 0.115625 0.416875 0.008745098039215693 0.0162450980392157
12 0.61375 0.935 0.03495689655172418 0.04495689655172408
20 0.323125 0.568125 0.028728448275862073 0.028728448275862073
19 0.8362499999999999 0.443125 0.032386363636363824 0.02863636363636357
10 0.7949999999999999 0.17125 0.03248579545454533 0.029985795454545466
06 0.455625 0.23500000000000001 0.04621951219512199 0.089969512195122
