18 0.11125 0.6956249999999999 0.012483552631578937 0.013733552631578827
03 0.66625 0.27437500000000004 0.014991610738254835 0.02874161073825504
05 0.483125 0.8831249999999999 0.021206896551724086 0.011206896551724133
04 0.369375 0.8999999999999999 0.023744444444444512 0.019994444444444315
06 0.538125 0.33562499999999995 0.06373809523809526 0.018738095238095276
11 0.88625 0.585 0.019992977528089817 0.014992977528089813
03 0.078125 0.32 0.03874509803921569 0.12249509803921566
02 0.09125 0.22562500000000002 0.024956896551724145 0.02870689655172412
03 0.9281250000000001 0.58875 0.018728448275862175 0.042478448275862
06 0.743125 0.019971590909090908 0.053636363636363704 0.03744318181818181
15 0.8975 0.934375 0.019985795454545374 0.04623579545454526
05 0.30874999999999997 0.059375 0.01246951219512199 0.02621951219512194
