03 0.69 0.69875 0.02498355263157881 0.0724835526315789
03 0.6781250000000001 0.47625 0.06874161073825491 0.024991610738255066
03 0.08562499999999999 0.47375 0.023706896551724144 0.0699568965517241
03 0.770625 0.538125 0.07374444444444439 0.02874444444444446
05 0.546875 0.225 0.031238095238095287 0.03498809523809526
04 0.15625 0.740625 0.032492977528089856 0.026242977528089906
06 0.21937500000000001 0.373125 0.07124509803921569 0.05874509803921568
03 0.5393749999999999 0.35250000000000004 0.06370689655172412 0.03995689655172413
20 0.88875 0.8631249999999999 0.022478448275862206 0.01622844827586223
04 0.8674999999999999 0.391875 0.032386363636363824 0.031136363636363573
07 0.583125 0.499375 0.031235795454545467 0.06373579545454544
03 0.6975 0.7737499999999999 0.082469512195122 0.03746951219512196
