03 0.151875 0.39125 0.021233552631578945 0.0624835526315789
09 0.415625 0.16625 0.02874161073825504 0.03749161073825505
01 0.578125 0.40375 0.026206896551724146 0.01745689655172411
03 0.6856249999999999 0.06875 0.031244444444444297 0.022494444444444442
11 0.8425 0.6381249999999999 0.0399880952380951 0.02623809523809517
03 0.743125 0.769375 0.016242977528089786 0.07124297752808983
04 0.19125 0.930625 0.0449950980392157 0.02624509803921571
06 0.870010775862069 0.296875 0.03747844827586211 0.0337068965517241
06 0.128125 0.9525 0.041228448275862056 0.01997844827586226
06 0.3219034090909091 0.919971590909091 0.09369318181818187 0.019943181818181888
10 0.5975 0.9025 0.029985795454545494 0.027485795454545325
11 0.64375 0.6581250000000001 0.03746951219512196 0.03371951219512204
