03 0.8343750000000001 0.725 0.04123355263157891 0.04498355263157894
06 0.24937499999999999 0.361875 0.018741610738255032 0.028741610738255097
02 0.5818749999999999 0.74125 0.06370689655172412 0.049956896551724195
07 0.46749999999999997 0.10375000000000001 0.09499444444444449 0.09999444444444444
06 0.24875297619047618 0.419375 0.039994047619047624 0.06373809523809526
01 0.25187499999999996 0.2825 0.01624297752808984 0.014992977528089868
08 0.47 0.8975 0.02499509803921568 0.017495098039215673
14 0.579375 0.093125 0.05120689655172417 0.026206896551724118
03 0.12125 0.2075 0.01997844827586208 0.049978448275862064
03 0.104375 0.791875 0.01613636363636363 0.04113636363636375
03 0.534375 0.620625 0.03873579545454542 0.04123579545454559
05 0.765625 0.664375 0.03871951219512204 0.02121951219512197
