18 0.40437500000000004 0.54375 0.018733552631578887 0.022483552631578863
12 0.37250000000000005 0.61 0.06999161073825505 0.05749161073825504
08 0.640625 0.338125 0.03120689655172404 0.04120689655172416
03 0.135625 0.859375 0.038744444444444456 0.051244444444444426
07 0.34062499999999996 0.36312500000000003 0.013738095238095271 0.04123809523809524
05 0.164375 0.8768750000000001 0.01874297752808987 0.043742977528089866
03 0.8425 0.880625 0.024995098039215735 0.06374509803921569
01 0.825 0.018750000000000003 0.01745689655172411 0.017456896551724138
14 0.361875 0.463125 0.03122844827586202 0.03372844827586208
03 0.15375 0.024375 0.019886363636363646 0.038636363636363635
18 0.43374999999999997 0.37875000000000003 0.024985795454545434 0.027485795454545492
04 0.16375 0.531875 0.03246951219512195 0.028719512195122032
09 0.295 0.545625 0.03498214285714285 0.03373214285714288
