11 0.225 0.61375 0.05998355263157901 0.039983552631578934
06 0.7193750000000001 0.546875 0.04874161073825489 0.02624161073825504
14 0.43875 0.241875 0.03245689655172418 0.033706896551724125
03 0.30062500000000003 0.935 0.07624444444444445 0.019994444444444315
07 0.6512470238095238 0.20687500000000003 0.0799940476190476 0.16873809523809527
06 0.76125 0.189375 0.14249297752808987 0.11374297752808987
03 0.50125 0.64375 0.03499509803921569 0.059995098039215766
13 0.7793749999999999 0.21437499999999998 0.0812068965517242 0.1262068965517241
08 0.5725 0.0675 0.03247844827586199 0.06247844827586206
03 0.30374999999999996 0.175625 0.04488636363636361 0.12363636363636364
11 0.4475 0.244375 0.05248579545454546 0.03623579545454547
15 0.204375 0.67 0.03621951219512198 0.07246951219512199
