03 0.419375 0.78125 0.018733552631578942 0.022483552631578974
10 0.9650000000000001 0.251875 0.024991610738254955 0.021241610738255062
13 0.815625 0.21625 0.02120689655172414 0.03995689655172413
11 0.619375 0.953125 0.02874444444444446 0.031244444444444408
03 0.5293749999999999 0.6168750000000001 0.02873809523809523 0.026238095238095283
05 0.579375 0.515 0.016242977528089897 0.03749297752808989
10 0.24625 0.81375 0.02499509803921568 0.01999509803921573
18 0.4325 0.4475 0.014956896551724164 0.01745689655172411
15 0.030625 0.7825 0.011228448275862071 0.012478448275862197
02 0.3425 0.36875 0.014886363636363587 0.0298863636363636
16 0.7949999999999999 0.8975 0.029985795454545383 0.029985795454545383
