04 0.344375 0.82125 0.031233552631578898 0.02498355263157892
03 0.5918770973154361 0.774375 0.01874580536912751 0.06874161073825491
10 0.168125 0.565 0.028706896551724148 0.02495689655172406
00 0.9456249999999999 0.014374999999999999 0.03624444444444441 0.023744444444444443
14 0.123125 0.30375 0.04623809523809522 0.027488095238095256
01 0.105625 0.07250000000000001 0.021242977528089887 0.017492977528089884
03 0.1275 0.273125 0.017495098039215687 0.038745098039215664
10 0.869375 0.02375 0.0237068965517242 0.022456896551724143
04 0.375625 0.7931250000000001 0.028728448275862073 0.018728448275862175
00 0.8075 0.9668749999999999 0.02738636363636382 0.026136363636363735
17 0.049375 0.45625 0.03873579545454545 0.0349857954545455
