03 0.22625 0.9450000000000001 0.014983552631578967 0.027483552631578978
04 0.6699999999999999 0.74125 0.024991610738254955 0.01999161073825484
12 0.14937499999999998 0.72875 0.023706896551724116 0.024956896551724173
08 0.13124999999999998 0.44499999999999995 0.024994444444444458 0.04999444444444451
08 0.700625 0.10375 0.02873809523809523 0.03248809523809523
20 0.639375 0.31375 0.018742977528089844 0.017492977528089815
13 0.815 0.8225 0.07999509803921578 0.06749509803921572
16 0.659375 0.46125000000000005 0.036206896551724044 0.044956896551724135
11 0.30062500000000003 0.35625 0.03622844827586208 0.019978448275862037
03 0.744375 0.36 0.028636363636363793 0.034886363636363604
01 0.6331249999999999 0.891875 0.016235795454545343 0.013735795454545285
