12 0.133125 0.759375 0.04623355263157894 0.04873355263157886
03 0.8787499999999999 0.215625 0.029991610738254848 0.02874161073825507
12 0.41500000000000004 0.21375 0.0724568965517241 0.04245689655172413
06 0.758125 0.70625 0.043744444444444364 0.04999444444444434
20 0.65375 0.12625 0.03998809523809521 0.027488095238095242
20 0.8425 0.655 0.02499297752808982 0.019992977528089817
03 0.255625 0.311875 0.028745098039215655 0.04624509803921567
00 0.10062499999999999 0.338125 0.04870689655172414 0.05120689655172411
04 0.34750000000000003 0.6018749999999999 0.029978448275862102 0.026228448275862015
03 0.2975 0.091875 0.07238636363636364 0.038636363636363635
10 0.390625 0.15749999999999997 0.03873579545454542 0.03248579545454547
06 0.7775000000000001 0.193125 0.014969512195121992 0.03371951219512198
