18 0.37 0.0775 0.02498355263157892 0.02748355263157895
14 0.254375 0.11624999999999999 0.04625000000000001 0.027491610738255054
03 0.255625 0.90875 0.016206896551724137 0.06245689655172415
06 0.851875 0.778125 0.043744444444444364 0.13124444444444439
14 0.03875000000000001 0.82875 0.03748809523809524 0.05748809523809517
06 0.089375 0.52875 0.09874297752808989 0.027492977528089768
05 0.400625 0.26625 0.04374509803921567 0.03749509803921569
02 0.8131250000000001 0.47250000000000003 0.06370689655172412 0.05995689655172415
00 0.9781249999999999 0.235625 0.028728448275862184 0.02622844827586207
06 0.6900000000000001 0.495625 0.11738636363636368 0.08863636363636357
11 0.8206249999999999 0.07250000000000001 0.03873579545454542 0.029985795454545452
12 0.50875 0.385 0.052469512195122026 0.07746951219512199
03 0.5718749999999999 0.851875 0.018732142857142864 0.036232142857142824
