06 0.5862499999999999 0.713125 0.04248355263157888 0.07623355263157894
07 0.01625 0.22999999999999998 0.029991610738255032 0.032491610738255045
06 0.24501077586206896 0.5531250000000001 0.04247844827586206 0.06370689655172412
13 0.20375 0.28875 0.04249444444444442 0.07999444444444445
08 0.026250000000000002 0.700625 0.012488095238095232 0.02623809523809506
07 0.4625 0.36125 0.014992977528089868 0.039992977528089835
10 0.733125 0.98125 0.021245098039215704 0.024995098039215624
20 0.318125 0.148125 0.01870689655172414 0.01870689655172414
01 0.64875 0.39625 0.022478448275862206 0.014978448275862033
15 0.985 0.8043750000000001 0.019886363636363757 0.043636363636363806
