06 0.595 0.7975000000000001 0.0675 0.11498355263157889
08 0.30874999999999997 0.426875 0.05249161073825509 0.031241610738255043
10 0.896875 0.22375 0.036206896551724155 0.034956896551724126
14 0.8025 0.53125 0.10499444444444439 0.11249444444444445
07 0.316875 0.671875 0.07123809523809527 0.031238095238095065
02 0.6875 0.085625 0.04249297752808978 0.02374297752808989
07 0.7250000000000001 0.49 0.06499509803921566 0.12499509803921566
13 0.275625 0.45875 0.1437068965517241 0.10495689655172419
03 0.630625 0.79 0.08372844827586212 0.059978448275862184
09 0.8043750000000001 0.419375 0.06863636363636372 0.03613636363636363
