04 0.030625000000000003 0.9593750000000001 0.026233552631578956 0.02123355263157889
18 0.771875 0.8518749999999999 0.021241610738254924 0.02374161073825498
03 0.724375 0.45499999999999996 0.018706896551724084 0.02995689655172412
03 0.545625 0.608125 0.03874444444444447 0.04874444444444448
15 0.973125 0.1 0.0087380952380951 0.014988095238095231
20 0.9237500000000001 0.0825 0.014992977528089813 0.012492977528089894
03 0.303125 0.25625000000000003 0.031245098039215657 0.022495098039215705
06 0.68375 0.5825 0.014956896551724164 0.02745689655172412
03 0.5425 0.5325 0.019978448275862037 0.014978448275862033
20 0.588125 0.9 0.026136363636363624 0.029886363636363766
11 0.140625 0.195 0.02373579545454546 0.02248579545454546
16 0.44875 0.825 0.019969512195121997 0.0399695121951219
06 0.518125 0.43625 0.011232142857142802 0.06998214285714283
