05 0.521875 0.07375 0.02873355263157884 0.019983552631578944
03 0.889375 0.573125 0.08624161073825487 0.048741610738255
11 0.4175 0.8525 0.034956896551724126 0.039956896551724186
05 0.514375 0.246875 0.033744444444444466 0.041244444444444445
20 0.88 0.3275 0.024988095238095198 0.017488095238095247
06 0.54125 0.333125 0.0474929775280899 0.05124297752808982
13 0.61625 0.9568749999999999 0.09249509803921574 0.06124509803921574
08 0.46625 0.400625 0.02745689655172412 0.06620689655172413
03 0.7512553879310344 0.554375 0.014989224137931134 0.028728448275862073
02 0.468125 0.2025 0.03613636363636358 0.05238636363636365
03 0.51125 0.725625 0.04748579545454551 0.04623579545454526
14 0.6125 0.385625 0.03246951219512206 0.05871951219512195
03 0.6100000000000001 0.29875 0.019982142857142837 0.029982142857142846
03 0.455625 0.83875 0.08623749999999997 0.0324875
