07 0.34875 0.90625 0.029983552631578925 0.09998355263157888
10 0.515 0.78625 0.03249161073825513 0.022491610738254897
14 0.22437500000000002 0.8531249999999999 0.08620689655172414 0.023706896551724088
14 0.673125 0.5825 0.02874444444444435 0.05249444444444451
03 0.7749999999999999 0.569375 0.044988095238095105 0.06623809523809532
02 0.171875 0.11124999999999999 0.04874297752808987 0.03499297752808987
03 0.32062500000000005 0.6893750000000001 0.05624509803921568 0.04374509803921567
17 0.915625 0.270625 0.0387068965517241 0.043706896551724134
03 0.798125 0.3175 0.09372844827586224 0.04497844827586206
05 0.743125 0.86 0.05113636363636376 0.02738636363636382
15 0.9125 0.5425 0.037485795454545334 0.05748579545454546
05 0.565 0.140625 0.05496951219512203 0.02621951219512192
20 0.455625 0.163125 0.026232142857142815 0.02373214285714287
