08 0.045625 0.8937458881578948 0.03123355263157895 0.024991776315789527
10 0.048125 0.77125 0.018741610738255032 0.017491610738254892
12 0.21687499999999998 0.835 0.026206896551724118 0.02745689655172412
03 0.08375 0.588125 0.019994444444444454 0.023744444444444568
13 0.8443720238095238 0.22 0.05124404761904755 0.047488095238095274
13 0.270625 0.639375 0.03374297752808986 0.061242977528089826
05 0.7725 0.433125 0.01999509803921573 0.02874509803921571
10 0.47 0.55125 0.024956896551724117 0.01745689655172411
03 0.953125 0.8987499999999999 0.021228448275862233 0.039978448275862166
03 0.9337500000000001 0.2875 0.057386363636363735 0.03238636363636366
