09 0.30562500000000004 0.369375 0.013733552631578994 0.02373355263157889
04 0.823125 0.80375 0.02374161073825487 0.017491610738254892
06 0.271260775862069 0.7775000000000001 0.03497844827586205 0.05245689655172414
12 0.6343749999999999 0.505625 0.02124444444444451 0.03874444444444447
03 0.8143750000000001 0.310625 0.011238095238095158 0.04873809523809525
09 0.313125 0.1175 0.021242977528089846 0.034992977528089886
08 0.114375 0.99 0.013745098039215684 0.017495098039215673
01 0.484375 0.93875 0.02120689655172414 0.014956896551724164
07 0.298125 0.74 0.00872844827586211 0.03497844827586216
14 0.35875 0.39 0.012386363636363584 0.01988636363636359
03 0.5643750000000001 0.59625 0.026235795454545463 0.01498579545454548
