04 0.6775 0.0425 0.022483552631578974 0.017483552631578955
03 0.49375 0.696875 0.029991610738255015 0.03374161073825488
18 0.21437499999999998 0.9693750000000001 0.01870689655172411 0.02120689655172414
08 0.25 0.98 0.01749444444444445 0.017494444444444368
20 0.46375 0.800625 0.02248809523809525 0.028738095238095118
03 0.84125 0.17375000000000002 0.02499297752808982 0.042492977528089865
20 0.9143749999999999 0.933125 0.018745098039215757 0.013745098039215753
00 0.733125 0.756875 0.023706896551724088 0.026206896551724146
06 0.618125 0.199375 0.02372844827586207 0.06372844827586205
12 0.17500000000000002 0.31625 0.029886363636363655 0.03488636363636366
20 0.08812500000000001 0.026250000000000002 0.02373579545454546 0.02248579545454546
18 0.224375 0.433125 0.018719512195121996 0.02121951219512197
