10 0.15750000000000003 0.6025 0.024983552631578948 0.019983552631578916
15 0.398125 0.678125 0.07124161073825508 0.03374161073825488
03 0.165625 0.935 0.023706896551724144 0.04245689655172413
02 0.925 0.94625 0.05999444444444435 0.022494444444444373
10 0.87625 0.9125000000000001 0.0399880952380951 0.024988095238095087
15 0.663125 0.74375 0.03374297752808986 0.12999297752808991
03 0.621875 0.085625 0.02374509803921565 0.04374509803921568
20 0.97 0.52625 0.02745689655172412 0.022456896551724226
06 0.78625 0.26249999999999996 0.059978448275862295 0.04247844827586206
09 0.39125 0.486875 0.034886363636363604 0.03113636363636363
