08 0.5800000000000001 0.48625 0.00748355263157896 0.029983552631578925
03 0.116875 0.956875 0.01124161073825504 0.031241610738254932
06 0.09 0.8431249999999999 0.014956896551724122 0.011206896551724133
15 0.025625 0.110625 0.008744444444444444 0.008744444444444471
14 0.22375 0.535625 0.03248809523809526 0.016238095238095274
14 0.41375 0.8231250000000001 0.01749297752808987 0.03374297752808986
18 0.3775 0.59375 0.014995098039215726 0.017495098039215673
08 0.07623922413793102 0.839375 0.02997844827586206 0.0237068965517242
03 0.734375 0.9793696120689656 0.021228448275862233 0.036239224137931014
01 0.575625 0.14 0.011136363636363611 0.012386363636363612
