08 0.344375 0.3375 0.05873355263157898 0.024983552631578865
10 0.181875 0.40875 0.02624161073825504 0.024991610738255066
20 0.9437500000000001 0.409375 0.022456896551724115 0.02120689655172414
05 0.65625 0.468125 0.017494444444444257 0.04124444444444447
20 0.858125 0.38125 0.016238095238095163 0.017488095238095303
09 0.711875 0.343125 0.0212429775280899 0.03874297752808986
20 0.6018749999999999 0.9437500000000001 0.02374509803921565 0.01999509803921573
08 0.433125 0.569375 0.03370689655172415 0.02120689655172414
00 0.24062499999999998 0.90125 0.03372844827586205 0.032478448275862215
07 0.485625 0.66875 0.0586363636363636 0.032386363636363824
10 0.7593749999999999 0.2425 0.021235795454545348 0.019985795454545457
