01 0.334375 0.1925 0.018733552631578887 0.01998355263157897
18 0.11875 0.675 0.014991610738255043 0.017491610738254892
10 0.281875 0.2825 0.02120689655172414 0.017456896551724166
14 0.724375 0.39625 0.013744444444444337 0.027494444444444488
20 0.109375 0.3075 0.023738095238095225 0.02248809523809525
03 0.873125 0.8575 0.018742977528089844 0.01749297752808987
06 0.0325 0.513125 0.00999509803921569 0.021245098039215704
13 0.631875 0.215625 0.07620689655172408 0.09120689655172412
10 0.22749999999999998 0.9675 0.022478448275862067 0.0174784482758622
18 0.66625 0.190625 0.012386363636363695 0.01613636363636367
18 0.15187499999999998 0.441875 0.01373579545454548 0.016235795454545454
03 0.635 0.849375 0.029969512195122006 0.033719512195121926
11 0.43125 0.619375 0.019982142857142837 0.016232142857142806
14 0.485625 0.48062499999999997 0.018737500000000018 0.031237499999999974
