15 0.129375 0.940625 0.036233552631578944 0.0362335526315789
06 0.858125 0.017499999999999998 0.026241610738254928 0.02499161073825503
03 0.36812500000000004 0.406875 0.02620689655172409 0.09870689655172415
10 0.6643749999999999 0.534375 0.026244444444444404 0.02124444444444451
04 0.35062499999999996 0.565625 0.03123809523809523 0.026238095238095283
10 0.25875 0.41125 0.02749297752808985 0.019992977528089817
19 0.36375 0.11687499999999999 0.027495098039215682 0.028745098039215683
20 0.73125 0.89 0.02745689655172412 0.02745689655172412
02 0.893125 0.47375 0.028728448275862184 0.024978448275862042
08 0.520625 0.9281250000000001 0.0111363636363635 0.04613636363636375
03 0.181875 0.26125 0.03373579545454547 0.027485795454545492
