10 0.6481250000000001 0.258125 0.023733552631578836 0.018733552631578942
17 0.20124999999999998 0.61875 0.024991610738255038 0.024991610738255066
06 0.495 0.32625 0.06745689655172415 0.012456896551724106
20 0.028749999999999998 0.939375 0.012494444444444443 0.013744444444444337
17 0.8 0.8 0.03248809523809515 0.034988095238095096
08 0.46812675561797756 0.6475 0.031246488764044955 0.022492977528089875
18 0.930625 0.125 0.0162450980392157 0.01999509803921569
18 0.625 0.23375 0.014956896551724164 0.017456896551724138
05 0.87625 0.498125 0.02747844827586221 0.016228448275862006
10 0.756875 0.895 0.018636363636363673 0.01738636363636381
00 0.42625 0.075625 0.024985795454545434 0.023735795454545447
