03 0.221875 0.860625 0.036233552631578986 0.02873355263157895
18 0.333125 0.431875 0.01624161073825503 0.018741610738255032
15 0.14375 0.764375 0.017456896551724138 0.036206896551724155
02 0.818125 0.9099999999999999 0.026244444444444293 0.047494444444444395
03 0.5643750000000001 0.26375 0.03623809523809529 0.017488095238095247
06 0.961875 0.666875 0.018742977528089844 0.02124297752808979
05 0.354375 0.87875 0.018745098039215646 0.03749509803921569
03 0.135625 0.40625 0.02370689655172413 0.01745689655172411
12 0.54 0.6375 0.039978448275862055 0.04247844827586211
06 0.6118750000000001 0.030625 0.08613636363636368 0.011136363636363635
03 0.178125 0.79125 0.03373579545454547 0.02248579545454532
