02 0.9593750000000001 0.07874999999999999 0.051233552631578916 0.04248355263157895
08 0.7375 0.81 0.07999161073825489 0.059991610738254875
03 0.85375 0.201875 0.06495689655172421 0.05870689655172412
02 0.110625 0.549375 0.04124444444444447 0.05624444444444443
06 0.663125 0.695 0.07373809523809527 0.16998809523809522
03 0.0925 0.900625 0.044992977528089895 0.05124297752808982
18 0.340625 0.638125 0.03624509803921572 0.038745098039215775
03 0.813125 0.416875 0.06870689655172413 0.023706896551724088
01 0.433125 0.463125 0.0562284482758621 0.04872844827586209
06 0.605 0.899375 0.12238636363636368 0.12113636363636371
08 0.31499999999999995 0.264375 0.06498579545454547 0.028735795454545465
