15 0.435625 0.12375 0.026233552631578894 0.024983552631578934
03 0.223125 0.6425 0.033741610738255046 0.06749161073825505
03 0.7675000000000001 0.15 0.022456896551724115 0.04745689655172414
06 0.23 0.9612499999999999 0.01249444444444442 0.06749444444444441
18 0.505 0.18937500000000002 0.02248809523809525 0.026238095238095255
11 0.895 0.7949999999999999 0.03749297752808989 0.03499297752808983
03 0.395 0.855 0.029995098039215684 0.06499509803921566
20 0.1325 0.265625 0.029956896551724135 0.033706896551724125
07 0.7750053879310344 0.420625 0.04748922413793111 0.02622844827586207
04 0.26749999999999996 0.08499999999999999 0.027386363636363653 0.032386363636363644
