01 0.5081249999999999 0.2225 0.033733552631578845 0.03248355263157898
01 0.045 0.0975 0.04499161073825503 0.04749161073825503
04 0.705 0.56125 0.02745689655172412 0.029956896551724177
10 0.263125 0.31375000000000003 0.031244444444444408 0.027494444444444488
14 0.379375 0.308125 0.038738095238095294 0.036238095238095236
04 0.73875 0.255625 0.029992977528089826 0.021242977528089874
00 0.944375 0.690625 0.038745098039215664 0.038745098039215775
20 0.8400000000000001 0.611875 0.032456896551724124 0.03120689655172415
03 0.575625 0.545625 0.08122844827586206 0.04622844827586203
13 0.22625 0.060000000000000005 0.19738636363636364 0.08238636363636365
01 0.5393749999999999 0.75625 0.03873579545454542 0.037485795454545334
13 0.06625 0.21437499999999998 0.059969512195121956 0.09371951219512195
03 0.9081250000000001 0.521875 0.028732142857142873 0.05123214285714289
