16 0.9650000000000001 0.316875 0.04248355263157888 0.048733552631578914
03 0.7518750000000001 0.981875 0.028741610738254875 0.028741610738254875
03 0.64625 0.87875 0.08245689655172406 0.02745689655172412
08 0.5543750000000001 0.298125 0.026244444444444404 0.01624444444444445
05 0.795 0.59125 0.037488095238095154 0.029988095238095203
15 0.5237499999999999 0.23375 0.019992977528089928 0.03499297752808986
03 0.6275 0.561875 0.03499509803921563 0.03624509803921572
06 0.9612499999999999 0.5237499999999999 0.00995689655172416 0.11495689655172414
01 0.629375 0.53125 0.018728448275862064 0.019978448275862037
03 0.238125 0.599375 0.01613636363636367 0.026136363636363624
08 0.903125 0.4475 0.031235795454545356 0.05498579545454546
08 0.15937500000000002 0.893125 0.023719512195121972 0.06371951219512206
13 0.24 0.346875 0.04498214285714283 0.07623214285714286
