01 0.895 0.36812500000000004 0.014983552631578911 0.011233552631578936
03 0.10500000000000001 0.083125 0.027491610738255054 0.03874161073825505
06 0.17125 0.846875 0.052456896551724114 0.05620689655172406
03 0.544375 0.18 0.011244444444444501 0.027494444444444432
19 0.5387500000000001 0.203125 0.022488095238095362 0.028738095238095285
04 0.34062499999999996 0.460625 0.031242977528089855 0.028742977528089853
10 0.9706250000000001 0.698125 0.013745098039215642 0.0162450980392157
14 0.9593750000000001 0.265 0.0337068965517241 0.024956896551724117
18 0.29437500000000005 0.580625 0.021228448275862066 0.02372844827586207
06 0.21375 0.544375 0.022386363636363676 0.016136363636363504
01 0.40875 0.975 0.01498579545454548 0.01498579545454537
03 0.86625 0.7581249999999999 0.057469512195121975 0.03371951219512204
03 0.965625 0.085625 0.04123214285714283 0.018732142857142864
15 0.45625000000000004 0.031875 0.01998749999999999 0.013737500000000003
