14 0.805625 0.978125 0.018733552631578942 0.016233552631578885
04 0.414375 0.8225 0.021241610738255035 0.014991610738254835
18 0.11625 0.74125 0.01995689655172414 0.022456896551724115
01 0.7 0.37875000000000003 0.014994444444444421 0.014994444444444477
20 0.9768749999999999 0.469375 0.03373809523809512 0.028738095238095285
06 0.23625000000000002 0.103125 0.04499297752808987 0.06124297752808988
15 0.825626225490196 0.90375 0.02374754901960785 0.007495098039215775
04 0.47375 0.58125 0.022456896551724115 0.01745689655172411
08 0.553125 0.134375 0.016228448275862117 0.033728448275862064
12 0.04875 0.15250000000000002 0.027386363636363632 0.05488636363636365
03 0.731875 0.8362499999999999 0.0337357954545453 0.04248579545454534
