07 0.34375 0.723125 0.05748355263157895 0.061233552631578925
14 0.326875 0.33499999999999996 0.03624161073825505 0.04999161073825503
11 0.87375 0.349375 0.032456896551724124 0.028706896551724093
18 0.22562500000000002 0.1075 0.021244444444444427 0.022494444444444456
15 0.9606250000000001 0.968125 0.02623809523809506 0.028738095238095118
18 0.43437499999999996 0.3925 0.021242977528089846 0.022492977528089875
15 0.56 0.17875 0.042495098039215695 0.042495098039215695
03 0.36312500000000003 0.48 0.03870689655172416 0.032456896551724124
04 0.8075 0.68625 0.024978448275862153 0.024978448275862153
20 0.731875 0.644375 0.026136363636363735 0.026136363636363624
03 0.053125 0.690625 0.02873579545454545 0.03873579545454531
07 0.7781326219512195 0.26 0.03123475609756099 0.039969512195122014
15 0.6925 0.708125 0.02498214285714284 0.02373214285714287
19 0.196875 0.861875 0.026237500000000025 0.04123749999999993
