14 0.28812499999999996 0.9568749999999999 0.04123355263157896 0.03873355263157896
03 0.798125 0.905 0.01624161073825492 0.02999161073825496
20 0.431875 0.7050000000000001 0.04120689655172416 0.03495689655172407
04 0.896875 0.513125 0.0362444444444443 0.03124444444444452
13 0.20625 0.045 0.08248809523809528 0.05998809523809523
20 0.450625 0.634375 0.023742977528089848 0.018742977528089844
06 0.141875 0.635 0.0937450980392157 0.05499509803921576
04 0.8456250000000001 0.424375 0.04120689655172416 0.023706896551724088
18 0.4275 0.13 0.022478448275862095 0.024978448275862056
10 0.499375 0.51625 0.03363636363636352 0.02488636363636365
03 0.838125 0.083125 0.01873579545454529 0.038735795454545446
03 0.030625 0.1681173780487805 0.05121951219512195 0.03123475609756099
