18 0.25 0.555625 0.019983552631579 0.02123355263157889
03 0.649375 0.7281249999999999 0.046241610738254946 0.01624161073825492
08 0.040625 0.795 0.011206896551724146 0.04745689655172414
03 0.453125 0.105625 0.02874444444444446 0.02624444444444446
12 0.400625 0.865625 0.0462380952380953 0.041238095238095074
03 0.443125 0.5181250000000001 0.031242977528089855 0.041242977528089864
11 0.51 0.7725 0.03249509803921563 0.024995098039215624
10 0.33687500000000004 0.140625 0.023706896551724144 0.02120689655172414
13 0.156875 0.7887500000000001 0.05622844827586207 0.05497844827586229
07 0.49 0.635 0.05988636363636357 0.07238636363636364
04 0.7325 0.34187500000000004 0.027485795454545325 0.03373579545454547
