03 0.705625 0.81625 0.051233552631578916 0.04498355263157894
20 0.16749999999999998 0.986875 0.024991610738255038 0.02374161073825498
02 0.964364224137931 0.94 0.03872844827586208 0.03745689655172413
20 0.18 0.900625 0.022494444444444428 0.0212444444444444
05 0.07875 0.73875 0.022488095238095224 0.034988095238095096
20 0.950625 0.294375 0.016242977528089786 0.018742977528089844
04 0.16562500000000002 0.438125 0.031245098039215685 0.02624509803921571
11 0.263125 0.040625 0.03120689655172415 0.03620689655172414
06 0.5593696120689655 0.903125 0.016239224137930997 0.03872844827586219
03 0.11875 0.326875 0.02738636363636364 0.028636363636363626
05 0.948125 0.085625 0.041235795454545254 0.018735795454545456
