08 0.13625 0.63375 0.02998355263157894 0.05248355263157889
06 0.51625 0.775625 0.017491610738255003 0.07374161073825491
20 0.765 0.675 0.02745689655172412 0.022456896551724115
01 0.36312500000000003 0.963125 0.03624444444444447 0.0362444444444443
09 0.9275 0.7481249999999999 0.04248809523809505 0.05623809523809509
04 0.663125 0.0225 0.03124297752808991 0.032492977528089884
15 0.6387499999999999 0.7925 0.022495098039215677 0.027495098039215682
07 0.046875 0.549375 0.03620689655172414 0.05870689655172423
03 0.6056250000000001 0.921875 0.04622844827586203 0.028728448275862295
17 0.336875 0.26749999999999996 0.033636363636363686 0.03738636363636366
03 0.5249999999999999 0.26749999999999996 0.027485795454545436 0.05498579545454546
20 0.16375 0.77125 0.024969512195121946 0.022469512195121943
