03 0.15375 0.913125 0.05748355263157898 0.0362335526315789
14 0.52625 0.65625 0.06749161073825505 0.04749161073825492
03 0.09125 0.555625 0.04245689655172413 0.028706896551724093
07 0.786875 0.27 0.06374444444444438 0.05249444444444443
06 0.885625 0.3499970238095238 0.09873809523809518 0.04749404761904763
13 0.32437499999999997 0.796875 0.0187429775280899 0.06624297752808994
02 0.315 0.1575 0.05749509803921571 0.03749509803921569
08 0.12 0.8125 0.05745689655172413 0.03745689655172413
13 0.359375 0.6475 0.08122844827586206 0.06247844827586213
20 0.559375 0.18562499999999998 0.03113636363636363 0.026136363636363652
19 0.625 0.09687500000000002 0.03998579545454539 0.03873579545454546
