08 0.52 0.625625 0.019983552631578916 0.03873355263157885
02 0.711875 0.4375 0.026241610738254928 0.02999161073825507
04 0.47062499999999996 0.534375 0.0362068965517241 0.023706896551724088
12 0.260625 0.7562500000000001 0.03624444444444441 0.03999444444444433
03 0.834375 0.780625 0.016238095238095163 0.04623809523809519
03 0.175625 0.31375 0.01374297752808984 0.03749297752808983
08 0.323125 0.28 0.09874509803921572 0.03249509803921574
11 0.5675 0.44875 0.029956896551724066 0.01745689655172411
14 0.178125 0.77875 0.018728448275862064 0.04247844827586211
01 0.11 0.174375 0.029886363636363628 0.023636363636363678
20 0.246875 0.978125 0.021235795454545486 0.01873579545454529
01 0.743125 0.401875 0.04621951219512199 0.03621951219512198
03 0.364375 0.39625 0.018732142857142864 0.03248214285714285
14 0.479375 0.121875 0.013737500000000014 0.04123750000000001
