04 0.15625 0.318125 0.03498355263157896 0.033733552631578956
18 0.77125 0.09625 0.01999161073825495 0.02249161073825505
07 0.68625 0.7975 0.01745689655172411 0.08995689655172412
06 0.955 0.8712500000000001 0.04499444444444434 0.0624944444444443
11 0.6468749999999999 0.39375000000000004 0.031238095238095176 0.03498809523809526
04 0.509375 0.1325 0.023742977528089793 0.02499297752808989
04 0.608125 0.18062499999999998 0.03374509803921566 0.02374509803921568
15 0.30625 0.45875 0.02245689655172417 0.02995689655172412
07 0.354375 0.8125 0.04872844827586209 0.024978448275862153
03 0.04809659090909091 0.91625 0.04619318181818182 0.03238636363636371
