07 0.27937500000000004 0.36624999999999996 0.06623355263157898 0.024983552631578865
03 0.28125 0.7125 0.08749161073825507 0.10749161073825486
20 0.053125000000000006 0.86875 0.05120689655172414 0.039956896551724075
12 0.9425 0.704375 0.07249444444444442 0.0787444444444444
03 0.65625 0.17125 0.11748809523809522 0.04248809523809527
08 0.58375 0.6368750000000001 0.03749297752808989 0.036242977528089804
02 0.70375 0.07500000000000001 0.05499509803921576 0.0724950980392157
20 0.5375 0.6950000000000001 0.03495689655172418 0.029956896551724177
19 0.041874999999999996 0.6187500000000001 0.06622844827586206 0.06247844827586213
06 0.756875 0.490625 0.0486363636363637 0.02863636363636357
