07 0.09687088815789474 0.6125 0.043741776315789474 0.029983552631578925
18 0.265 0.72875 0.022491610738255063 0.024991610738254844
19 0.91875 0.3625 0.04495689655172408 0.02745689655172412
00 0.626875 0.540625 0.031244444444444408 0.02874444444444446
15 0.421875 0.200625 0.03873809523809524 0.04373809523809527
07 0.0325 0.023125 0.03999297752808989 0.013742977528089888
04 0.9293750000000001 0.164375 0.036245098039215606 0.02374509803921568
03 0.5562499999999999 0.5543750000000001 0.019956896551724168 0.03120689655172415
20 0.69875 0.6993750000000001 0.03497844827586216 0.036228448275862246
06 0.7875 0.8137215909090909 0.11488636363636373 0.03244318181818184
00 0.434375 0.64 0.03623579545454547 0.03498579545454539
