03 0.518125 0.248125 0.04123355263157891 0.05123355263157897
12 0.43625 0.62125 0.04499161073825503 0.059991610738254986
08 0.354375 0.9075 0.04870689655172411 0.057456896551724146
01 0.136875 0.4925 0.02874444444444446 0.019994444444444537
05 0.518125 0.166875 0.0462380952380953 0.028738095238095257
07 0.43125 0.401875 0.03999297752808989 0.06124297752808988
00 0.026875 0.35062499999999996 0.04124509803921569 0.031245098039215657
14 0.183125 0.4625 0.06370689655172412 0.02995689655172412
03 0.919375 0.084375 0.053728448275862206 0.07622844827586206
03 0.44875 0.16562500000000002 0.06238636363636357 0.08363636363636365
05 0.126875 0.373125 0.04873579545454547 0.031235795454545467
04 0.5918749999999999 0.73625 0.03621951219512198 0.03246951219512195
04 0.94 0.48750000000000004 0.049982142857142864 0.04748214285714286
