04 0.670625 0.3775 0.0362335526315789 0.039983552631578934
05 0.80375 0.801875 0.04749161073825492 0.036241610738254826
05 0.82 0.140625 0.03745689655172413 0.038706896551724115
14 0.328125 0.405625 0.033744444444444466 0.0687444444444445
10 0.515625 0.7931250000000001 0.041238095238095296 0.03623809523809507
10 0.741875 0.429375 0.028742977528089853 0.028742977528089853
12 0.24374999999999997 0.051250000000000004 0.052495098039215676 0.08499509803921569
20 0.2675 0.815 0.01745689655172411 0.014956896551724053
18 0.404375 0.251875 0.02372844827586207 0.026228448275862043
03 0.334375 0.9293750000000001 0.03363636363636363 0.026136363636363735
18 0.418125 0.980625 0.026235795454545463 0.0287357954545453
04 0.7106250000000001 0.74 0.02871951219512192 0.029969512195122006
03 0.1275 0.1725 0.04748214285714286 0.04498214285714286
01 0.311875 0.7275 0.018737500000000018 0.012487499999999985
