04 0.2475 0.4675 0.03498355263157896 0.03248355263157893
12 0.11624999999999999 0.73875 0.06249161073825504 0.04999161073825498
08 0.7625 0.210625 0.029956896551724177 0.04870689655172414
03 0.204375 0.179375 0.20374444444444445 0.08374444444444443
06 0.713125 0.6956249999999999 0.07623809523809522 0.01623809523809505
20 0.16375 0.9325 0.02499297752808985 0.01749297752808987
19 0.47875 0.97125 0.029995098039215684 0.03749509803921569
20 0.19187500000000002 0.5275 0.031206896551724123 0.02745689655172412
01 0.63375 0.43 0.022478448275862206 0.019978448275862037
03 0.41875 0.9125000000000001 0.057386363636363624 0.04488636363636378
00 0.235625 0.7275 0.04873579545454548 0.03998579545454539
