00 0.41812499999999997 0.816875 0.02623355263157895 0.023733552631578947
04 0.526875 0.606875 0.028741610738254986 0.021241610738255035
14 0.849375 0.303125 0.04370689655172422 0.023706896551724144
13 0.791875 0.936875 0.07874444444444428 0.04124444444444442
04 0.03 0.20375 0.029988095238095234 0.03498809523809529
08 0.5425 0.83125 0.0474929775280899 0.02499297752808982
03 0.5137499999999999 0.60625 0.032495098039215686 0.017495098039215673
20 0.541875 0.07625 0.028706896551724093 0.01995689655172414
03 0.22625 0.71 0.019978448275862065 0.049978448275862175
15 0.08687500000000001 0.8356250000000001 0.033636363636363645 0.051136363636363646
