20 0.9425 0.7268749999999999 0.052483552631579 0.033733552631578845
01 0.03937499999999999 0.099375 0.04124161073825503 0.033741610738255046
03 0.433125 0.15375 0.11620689655172411 0.04995689655172414
14 0.374375 0.2925 0.04624444444444448 0.03499444444444444
12 0.451875 0.171875 0.09123809523809528 0.058738095238095256
01 0.18937500000000002 0.085625 0.021242977528089874 0.018742977528089885
15 0.396875 0.484375 0.04874509803921573 0.02624509803921571
08 0.089375 0.894375 0.04870689655172414 0.06870689655172413
08 0.9568696120689655 0.285625 0.06623922413793115 0.08372844827586207
10 0.9625 0.5275000000000001 0.04238636363636372 0.03488636363636355
11 0.44375 0.259375 0.04498579545454545 0.03373579545454547
