03 0.300625 0.106875 0.04623355263157891 0.03123355263157894
06 0.10375000000000001 0.0675 0.06749161073825505 0.10249161073825505
05 0.6212500000000001 0.105625 0.039956896551724186 0.033706896551724125
05 0.893125 0.9237500000000001 0.031244444444444297 0.02499444444444443
02 0.75625 0.24874999999999997 0.019988095238095083 0.047488095238095246
18 0.6575 0.270625 0.02499297752808982 0.02624297752808985
00 0.30125 0.7831250000000001 0.03749509803921569 0.031245098039215713
02 0.035 0.555625 0.024956896551724145 0.0337068965517241
11 0.236875 0.16749999999999998 0.03372844827586208 0.02497844827586207
03 0.8049999999999999 0.208125 0.03738636363636372 0.08363636363636368
01 0.078125 0.83375 0.018735795454545456 0.019985795454545263
20 0.9256249999999999 0.796875 0.02871951219512192 0.02121951219512197
