15 0.490625 0.386875 0.021233552631578945 0.031233552631578898
03 0.360625 0.219375 0.023741610738255037 0.023741610738255065
03 0.5462499999999999 0.6174999999999999 0.032456896551724124 0.01745689655172422
03 0.755 0.07625000000000001 0.02499444444444432 0.02999444444444445
10 0.6968749999999999 0.90375 0.021238095238095167 0.017488095238095025
15 0.155625 0.289375 0.023742977528089876 0.043742977528089866
03 0.211875 0.694375 0.018745098039215702 0.021245098039215704
03 0.2975 0.7262500000000001 0.014956896551724108 0.04245689655172413
09 0.575 0.831875 0.024978448275862042 0.02372844827586218
03 0.654375 0.11875 0.04113636363636375 0.019886363636363633
20 0.044375 0.1925 0.018735795454545456 0.017485795454545483
03 0.22749999999999998 0.12937500000000002 0.014969512195121965 0.026219512195121947
11 0.5875 0.03875 0.022482142857142895 0.024982142857142856
