03 0.28375 0.59125 0.01748355263157897 0.0149835526315788
20 0.704375 0.44562500000000005 0.026241610738254928 0.023741610738255037
08 0.148125 0.155 0.033706896551724125 0.014956896551724108
18 0.900625 0.500625 0.01874444444444434 0.021244444444444566
05 0.30500297619047617 0.104375 0.022494047619047608 0.041238095238095226
17 0.40375 0.204375 0.032492977528089884 0.031242977528089855
10 0.119375 0.34625 0.018745098039215674 0.01999509803921573
18 0.81375 0.1325 0.019956896551724168 0.02245689655172413
20 0.218125 0.8600000000000001 0.028728448275862045 0.02747844827586221
07 0.833125 0.23375 0.011136363636363722 0.032386363636363685
03 0.30374999999999996 0.6074999999999999 0.022485795454545487 0.027485795454545436
01 0.36250000000000004 0.16562500000000002 0.022469512195122 0.016219512195121938
09 0.50625 0.41625 0.034982142857142795 0.019982142857142837
07 0.503125 0.733125 0.07123749999999995 0.0587375
