18 0.964375 0.506875 0.01873355263157883 0.02123355263157889
02 0.660625 0.669375 0.0587416107382549 0.03624161073825494
18 0.603125 0.5943750000000001 0.018706896551724084 0.02120689655172414
08 0.05500138888888889 0.14625 0.02999722222222223 0.042494444444444446
00 0.8968750000000001 0.66625 0.021238095238095167 0.019988095238095083
08 0.40625175561797755 0.23125 0.029996488764044926 0.029992977528089854
14 0.98 0.468125 0.024995098039215735 0.038745098039215664
08 0.30562500000000004 0.53125 0.02620689655172409 0.049956896551724084
03 0.618125 0.24125 0.03372844827586208 0.02247844827586204
00 0.24875 0.11124999999999999 0.027386363636363653 0.022386363636363635
02 0.7306250000000001 0.40375 0.021235795454545348 0.029985795454545494
