07 0.878125 0.3925 0.01123355263157888 0.0724835526315789
18 0.0975 0.6525000000000001 0.02249161073825505 0.024991610738254955
03 0.691875 0.8825000000000001 0.043706896551724106 0.05245689655172414
03 0.536875 0.94875 0.02874444444444446 0.037494444444444386
17 0.37749999999999995 0.9606250000000001 0.03998809523809527 0.041238095238095185
01 0.014374999999999999 0.734375 0.013742977528089888 0.008742977528089835
06 0.32437499999999997 0.60625 0.03624509803921566 0.06499509803921566
08 0.921875 0.28 0.061206896551724066 0.034956896551724126
18 0.1875 0.513125 0.02247844827586204 0.026228448275862015
08 0.019999999999999997 0.18625 0.027386363636363632 0.03738636363636366
14 0.21687499999999998 0.5118750000000001 0.07623579545454548 0.026235795454545463
