09 0.1625 0.74875 0.04498355263157894 0.04498355263157894
05 0.943125 0.84625 0.036241610738254826 0.032491610738254906
07 0.26937500000000003 0.591875 0.09620689655172415 0.11120689655172411
06 0.495625 0.3275 0.0687444444444445 0.07249444444444442
14 0.46062499999999995 0.889375 0.06123809523809526 0.031238095238095176
20 0.345 0.928125 0.02999297752808988 0.0312429775280898
10 0.6756249999999999 0.8218749999999999 0.031245098039215713 0.031245098039215713
15 0.3075 0.576875 0.05245689655172414 0.06370689655172412
14 0.654375 0.5925 0.0587284482758621 0.029978448275862046
06 0.88625 0.48 0.049886363636363784 0.1398863636363636
13 0.875 0.40812499999999996 0.13998579545454537 0.06123579545454544
