00 0.6543749999999999 0.974375 0.02873355263157895 0.02873355263157884
20 0.014374999999999999 0.636875 0.02374161073825503 0.01624161073825503
03 0.34562499999999996 0.730625 0.013706896551724135 0.028706896551724093
03 0.755 0.7918750000000001 0.04249444444444439 0.03874444444444436
17 0.405625 0.4275 0.038738095238095294 0.027488095238095256
09 0.3025 0.50375 0.04749297752808984 0.0474929775280899
18 0.250625 0.7068749999999999 0.018745098039215702 0.021245098039215704
07 0.7675 0.87 0.01745689655172411 0.029956896551724066
08 0.375625 0.931875 0.016228448275862062 0.04122844827586225
01 0.4 0.016875 0.01988636363636359 0.018636363636363635
04 0.5662499999999999 0.776875 0.027485795454545436 0.016235795454545343
07 0.221875 0.6487499999999999 0.04121951219512196 0.03246951219512206
