05 0.105625 0.91125 0.05373355263157893 0.027483552631578867
03 0.760625 0.7725 0.031241610738254932 0.022491610738254897
18 0.906875 0.6975 0.028706896551724093 0.029956896551724066
03 0.115625 0.46187500000000004 0.06874444444444446 0.023744444444444512
06 0.47000000000000003 0.31 0.1299880952380953 0.08748809523809531
04 0.6225 0.75875 0.039992977528089946 0.03499297752808983
00 0.6425 0.32 0.03749509803921569 0.027495098039215682
11 0.1175 0.19375 0.04495689655172412 0.04995689655172414
03 0.084375 0.708125 0.05872844827586206 0.05622844827586215
18 0.38687499999999997 0.906875 0.031136363636363573 0.033636363636363686
03 0.15437499999999998 0.290625 0.04623579545454545 0.05373579545454549
02 0.5606249999999999 0.45875 0.026219512195121975 0.07496951219512199
