03 0.568125 0.29125 0.033733552631578956 0.03748355263157899
19 0.6875 0.8206249999999999 0.024991610738254844 0.018741610738254866
01 0.59625 0.335625 0.019956896551724168 0.016206896551724137
06 0.13125 0.3675 0.037494444444444455 0.03249444444444449
08 0.339375 0.718125 0.018738095238095276 0.028738095238095118
20 0.366875 0.559375 0.011242977528089892 0.008742977528089835
06 0.47875 0.965625 0.019995098039215675 0.06374509803921569
02 0.23125 0.05625 0.01995689655172414 0.03745689655172414
11 0.12187500000000001 0.025625000000000002 0.02122844827586208 0.016228448275862076
08 0.793778409090909 0.889971590909091 0.019943181818181888 0.029943181818181897
04 0.4225 0.22999999999999998 0.02498579545454549 0.02248579545454546
15 0.918125 0.21500000000000002 0.011219512195121961 0.029969512195121978
01 0.434375 0.6968749999999999 0.011232142857142802 0.011232142857142802
