12 0.15812500000000002 0.74875 0.018733552631578942 0.019983552631578916
03 0.32499999999999996 0.501875 0.01749161073825506 0.013741610738255028
05 0.895 0.017499999999999998 0.014956896551724164 0.024956896551724134
09 0.10062499999999999 0.35562499999999997 0.013744444444444462 0.021244444444444455
09 0.65875 0.754375 0.02248809523809514 0.013738095238095105
06 0.20125175561797753 0.29000000000000004 0.049996488764044944 0.04249297752808984
06 0.416875 0.18 0.006245098039215691 0.014995098039215699
04 0.9293750000000001 0.8887499999999999 0.018706896551724195 0.014956896551724053
05 0.24937499999999999 0.29125 0.016228448275862062 0.022478448275862095
03 0.505625 0.76375 0.016136363636363615 0.019886363636363757
