12 0.24375 0.075 0.042483552631578936 0.02748355263157895
03 0.27625 0.063125 0.034991610738255075 0.033741610738255025
07 0.9512499999999999 0.63375 0.0649568965517241 0.014956896551724164
00 0.37 0.249375 0.02499444444444454 0.02624444444444443
03 0.529375 0.07875 0.021238095238095278 0.022488095238095224
03 0.780625 0.021249999999999998 0.018742977528089844 0.024992977528089887
03 0.725625 0.753125 0.046245098039215726 0.021245098039215704
05 0.78 0.058124999999999996 0.014956896551724164 0.031206896551724143
03 0.260625 0.953125 0.021228448275862066 0.046228448275862144
10 0.38249999999999995 0.5231250000000001 0.01988636363636359 0.023636363636363567
05 0.50625 0.8887499999999999 0.03248579545454544 0.019985795454545374
