14 0.138125 0.489375 0.021233552631578945 0.038733552631578905
03 0.14937499999999998 0.89125 0.011241610738255053 0.03499161073825485
08 0.946875 0.20500000000000002 0.04870689655172411 0.014956896551724136
14 0.96375 0.14 0.02499444444444432 0.022494444444444456
03 0.230625 0.763125 0.04123809523809524 0.04373809523809513
20 0.36312500000000003 0.7893749999999999 0.02624297752808985 0.026242977528089795
06 0.404375 0.026875000000000003 0.04874509803921567 0.04624509803921569
15 0.62 0.64 0.024956896551724173 0.05995689655172409
18 0.8025 0.6412500000000001 0.01997844827586226 0.022478448275862095
06 0.35625 0.1525 0.04238636363636361 0.02488636363636365
12 0.48250000000000004 0.6087500000000001 0.042485795454545505 0.06498579545454553
12 0.304375 0.8768750000000001 0.051219512195122 0.043719512195122046
08 0.503125 0.900625 0.061232142857142846 0.026232142857142815
06 0.36250000000000004 0.608125 0.0299875 0.08373750000000002
