18 0.45125000000000004 0.43875 0.03748355263157893 0.03998355263157888
15 0.181875 0.621875 0.06624161073825505 0.048741610738255
03 0.9056249999999999 0.5825 0.053706896551724115 0.057456896551724146
04 0.36812500000000004 0.528125 0.04624444444444448 0.04874444444444448
13 0.57125 0.41812499999999997 0.09498809523809526 0.05873809523809531
06 0.9650000000000001 0.4075 0.04249297752808989 0.1074929775280899
02 0.35250000000000004 0.598125 0.08249509803921568 0.07624509803921575
06 0.760625 0.37124999999999997 0.08120689655172408 0.012456896551724161
15 0.505625 0.48624999999999996 0.04372844827586203 0.027478448275862044
07 0.95625 0.9237500000000001 0.019886363636363757 0.0648863636363638
06 0.279375 0.6056249999999999 0.026235795454545463 0.2062357954545454
03 0.568125 0.454375 0.07121951219512201 0.038719512195121986
03 0.78375 0.10437500000000001 0.029982142857142846 0.05623214285714287
