09 0.45999999999999996 0.565625 0.02998355263157887 0.04623355263157891
08 0.24624999999999997 0.505625 0.019991610738255033 0.04624161073825506
03 0.384375 0.4125 0.031206896551724095 0.014956896551724108
11 0.179375 0.16375 0.02374444444444443 0.019994444444444454
04 0.7618750000000001 0.564375 0.031238095238095176 0.021238095238095278
03 0.10937324438202248 0.11499999999999999 0.021246488764044946 0.02749297752808988
02 0.30625 0.420625 0.027495098039215682 0.04874509803921573
20 0.8525 0.173125 0.02495689655172406 0.026206896551724146
08 0.195 0.9181250000000001 0.04497844827586206 0.026228448275862237
06 0.19874999999999998 0.53625 0.022386363636363676 0.01738636363636359
03 0.04625 0.60375 0.019985795454545457 0.027485795454545547
