03 0.41375 0.231875 0.022483552631578863 0.04123355263157899
18 0.9768749999999999 0.930625 0.021241610738254812 0.02374161073825487
20 0.22 0.22875 0.032456896551724124 0.022456896551724143
01 0.28625 0.9043749999999999 0.039994444444444444 0.03874444444444436
20 0.03875 0.391875 0.014988095238095231 0.016238095238095218
14 0.5325 0.449375 0.029992977528089826 0.023742977528089848
03 0.0325 0.37625 0.019995098039215686 0.047495098039215644
13 0.550625 0.9181250000000001 0.028706896551724093 0.07120689655172419
03 0.468125 0.89 0.02622844827586207 0.03997844827586228
08 0.28500000000000003 0.511875 0.03738636363636366 0.016136363636363615
08 0.55875 0.89125 0.05248579545454546 0.02498579545454538
