03 0.75 0.721875 0.037483552631578876 0.0987335526315789
03 0.934375 0.753125 0.10124161073825488 0.06874161073825491
18 0.7887500000000001 0.325625 0.029956896551724177 0.0337068965517241
14 0.42562500000000003 0.498125 0.03374444444444452 0.05624444444444443
20 0.565 0.909375 0.02498809523809531 0.023738095238095114
12 0.485 0.515 0.039992977528089835 0.06749297752808991
12 0.443125 0.9199999999999999 0.09874509803921572 0.1049950980392157
02 0.8518749999999999 0.135625 0.12870689655172407 0.07120689655172413
13 0.6868749999999999 0.8175 0.09122844827586218 0.13497844827586225
14 0.1375 0.815 0.037386363636363634 0.04988636363636367
08 0.41812499999999997 0.3275 0.05123579545454543 0.03498579545454544
03 0.615 0.7093750000000001 0.05246951219512197 0.056219512195122
02 0.65625 0.90875 0.04498214285714286 0.08498214285714278
