12 0.11124999999999999 0.10500000000000001 0.04998355263157893 0.049983552631578956
03 0.5431250000000001 0.03 0.038741610738255106 0.024991610738255034
08 0.38625 0.30562500000000004 0.019956896551724113 0.04620689655172411
02 0.7350000000000001 0.20625 0.027494444444444377 0.04249444444444442
17 0.476875 0.98 0.041238095238095296 0.02998809523809509
11 0.799375 0.224375 0.028742977528089853 0.031242977528089855
14 0.26625 0.16749999999999998 0.04249509803921567 0.0174950980392157
15 0.7725 0.755 0.029956896551724177 0.024956896551724173
01 0.089375 0.6525 0.02372844827586207 0.022478448275862206
20 0.27749999999999997 0.206875 0.024886363636363706 0.02613636363636368
