11 0.065 0.495625 0.03498355263157894 0.0362335526315789
09 0.8162499999999999 0.588125 0.024991610738254955 0.03624161073825505
06 0.10062499999999999 0.3925 0.016206896551724123 0.03745689655172413
09 0.5393749999999999 0.7 0.053744444444444484 0.02499444444444443
08 0.609375 0.080625 0.03623809523809518 0.05123809523809523
10 0.48749999999999993 0.048125 0.027492977528089824 0.02374297752808989
03 0.641875 0.07 0.06624509803921574 0.06999509803921568
03 0.931875 0.74125 0.0237068965517242 0.07745689655172416
04 0.72625 0.746875 0.032478448275862215 0.026228448275862237
03 0.5375 0.681875 0.03488636363636366 0.033636363636363686
03 0.166875 0.07250000000000001 0.026235795454545463 0.019985795454545457
