20 0.52 0.1375 0.012483552631578965 0.009983552631578935
08 0.6387499999999999 0.7537479026845637 0.024991610738254955 0.0349958053691275
03 0.9824999999999999 0.1525 0.02495689655172406 0.054956896551724144
06 0.0225 0.71625 0.017494444444444444 0.0724944444444443
14 0.849375 0.30625 0.021238095238095056 0.022488095238095307
08 0.360625 0.923125 0.0187429775280899 0.07374297752808989
15 0.790625 0.6225 0.006245098039215691 0.022495098039215677
04 0.37 0.831875 0.02745689655172412 0.018706896551724084
00 0.9550000000000001 0.0175 0.02747844827586221 0.027478448275862072
04 0.914375 0.235625 0.03113636363636374 0.021136363636363675
01 0.39875000000000005 0.7625 0.012485795454545479 0.012485795454545312
