07 0.318125 0.39562088815789476 0.021233552631578945 0.026241776315789445
01 0.59125 0.81875 0.014991610738254946 0.012491610738254888
20 0.9 0.8206249999999999 0.024956896551724173 0.026206896551724035
12 0.10500000000000001 0.16874999999999998 0.04999444444444445 0.03499444444444444
15 0.97375 0.33375 0.019988095238095083 0.02248809523809525
18 0.35125 0.10999999999999999 0.019992977528089817 0.02249297752808989
20 0.036875000000000005 0.081875 0.026245098039215688 0.02124509803921569
06 0.15311422413793102 0.38687499999999997 0.02372844827586207 0.03370689655172415
15 0.5825 0.9125000000000001 0.05497844827586207 0.02747844827586221
03 0.8787499999999999 0.97 0.03738636363636372 0.012386363636363695
08 0.413125 0.061875 0.041235795454545476 0.016235795454545454
