06 0.460625 0.024375 0.013733552631578938 0.031233552631578947
03 0.29375 0.520625 0.03249161073825502 0.028741610738254986
07 0.453125 0.075 0.026206896551724146 0.06245689655172413
13 0.18125 0.356875 0.04499444444444445 0.043744444444444475
18 0.819375 0.05 0.021238095238095167 0.02248809523809523
15 0.5062500000000001 0.036875 0.012492977528089866 0.021242977528089887
04 0.14250000000000002 0.255625 0.029995098039215712 0.02624509803921568
03 0.625625 0.5762499999999999 0.04120689655172405 0.02495689655172406
03 0.32999999999999996 0.63 0.02247844827586204 0.03497844827586216
10 0.155 0.4675 0.02488636363636365 0.017386363636363644
00 0.6675 0.9493750000000001 0.027485795454545325 0.023735795454545294
