11 0.818125 0.238125 0.04123355263157891 0.031233552631578954
18 0.8868750000000001 0.49812500000000004 0.026241610738254928 0.02874161073825504
09 0.8843749999999999 0.9143749999999999 0.03120689655172415 0.09370689655172415
08 0.361875 0.9275 0.04124444444444453 0.05749444444444429
20 0.053125000000000006 0.15375 0.03123809523809524 0.03248809523809523
03 0.50625 0.566875 0.029992977528089826 0.05124297752808982
06 0.30625122549019607 0.92875 0.03499754901960783 0.12499509803921571
17 0.769375 0.07125 0.0387068965517241 0.052456896551724135
03 0.5237499999999999 0.234375 0.022478448275862095 0.05122844827586204
03 0.027499999999999997 0.50625 0.04238636363636363 0.04738636363636356
00 0.628125 0.110625 0.03873579545454542 0.03373579545454547
06 0.70375 0.606875 0.022469512195121943 0.03121951219512198
