20 0.7475 0.404375 0.03498355263157882 0.02123355263157889
07 0.7537499999999999 0.9625 0.06999161073825488 0.01999161073825495
03 0.145625 0.1575 0.08370689655172414 0.08995689655172412
03 0.34375 0.290625 0.027494444444444488 0.07624444444444445
18 0.578125 0.45875 0.02873809523809534 0.03248809523809526
02 0.309375 0.8006249999999999 0.04874297752808987 0.05624297752808982
09 0.849375 0.8712500000000001 0.03624509803921572 0.042495098039215695
10 0.808125 0.8118749999999999 0.0387068965517241 0.03120689655172415
03 0.59625 0.375625 0.04247844827586211 0.04622844827586209
03 0.714375 0.459375 0.11113636363636381 0.05363636363636359
