06 0.35625 0.48250000000000004 0.037483552631578876 0.027483552631578922
14 0.431875 0.430625 0.04874161073825506 0.02624161073825504
06 0.09562499999999999 0.545625 0.02370689655172413 0.036206896551724155
03 0.49749861111111116 0.76 0.03749722222222229 0.037494444444444275
00 0.746875 0.184375 0.03373809523809512 0.023738095238095253
05 0.2375 0.040625 0.03749297752808986 0.02374297752808989
14 0.15187499999999998 0.5943750000000001 0.0462450980392157 0.04374509803921567
01 0.30625 0.06999999999999999 0.02745689655172412 0.022456896551724136
12 0.2525 0.885625 0.032478448275862076 0.06622844827586216
16 0.215 0.04625 0.042386363636363666 0.04488636363636364
