04 0.849375 0.4425 0.043733552631578965 0.04248355263157888
04 0.37812500000000004 0.48750000000000004 0.043741610738255055 0.027491610738255068
07 0.364375 0.9137500000000001 0.036206896551724155 0.11995689655172403
04 0.09312500000000001 0.7175 0.04124444444444446 0.03499444444444433
04 0.52625 0.815 0.03998809523809532 0.03248809523809515
13 0.32125 0.6468750000000001 0.06499297752808986 0.09624297752808986
09 0.095625 0.138125 0.0487450980392157 0.08624509803921569
09 0.30500000000000005 0.89 0.04995689655172414 0.03495689655172418
10 0.934375 0.03 0.03372844827586219 0.02497844827586207
15 0.103125 0.10625 0.03363636363636363 0.03238636363636363
04 0.8143750000000001 0.1525 0.051235795454545374 0.03998579545454545
00 0.5 0.11937500000000001 0.039969512195122014 0.038719512195121944
03 0.74625 0.244375 0.0374821428571428 0.0437321428571428
08 0.47 0.924375 0.027487500000000054 0.061237499999999945
