19 0.7887500000000001 0.78 0.02498355263157881 0.017483552631578858
20 0.2225 0.51375 0.012491610738255055 0.014991610738255057
09 0.12625 0.6212500000000001 0.04995689655172414 0.039956896551724186
06 0.1487513888888889 0.09125 0.03249722222222223 0.057494444444444445
13 0.53125 0.07625000000000001 0.03998809523809532 0.07498809523809524
06 0.509375 0.5124982443820225 0.07124297752808989 0.03249648876404493
06 0.13875 0.51875 0.0999950980392157 0.032495098039215686
12 0.821875 0.46625 0.036206896551724155 0.04245689655172413
03 0.328125 0.905625 0.018728448275862064 0.02372844827586218
03 0.810625 0.7112499999999999 0.011136363636363722 0.0173863636363637
11 0.66625 0.8143750000000001 0.027485795454545325 0.0187357954545454
14 0.4425 0.2575 0.019969512195121997 0.027469512195121976
19 0.6775 0.5800000000000001 0.02748214285714279 0.019982142857142837
06 0.401875 0.193125 0.03123750000000003 0.02123750000000002
