03 0.88625 0.799375 0.022483552631578974 0.05623355263157881
03 0.125625 0.818125 0.05624161073825504 0.031241610738254932
13 0.69875 0.796875 0.057456896551724146 0.14620689655172403
00 0.051875 0.24812499999999998 0.05124444444444444 0.03624444444444441
03 0.42 0.18875 0.047488095238095274 0.047488095238095274
07 0.35250000000000004 0.891875 0.10999297752808984 0.0312429775280898
03 0.84375 0.545625 0.07749509803921573 0.07624509803921564
03 0.713125 0.16812500000000002 0.06870689655172413 0.033706896551724125
03 0.53625 0.599375 0.024978448275862153 0.08872844827586213
13 0.7725 0.854375 0.057386363636363735 0.053636363636363704
06 0.170625 0.18125000000000002 0.11373579545454547 0.10248579545454548
