03 0.739375 0.20124999999999998 0.02873355263157884 0.05748355263157898
00 0.518125 0.96875 0.02624161073825515 0.01999161073825495
20 0.06625 0.889375 0.014956896551724143 0.01370689655172408
04 0.08687500000000001 0.19125 0.023744444444444457 0.017494444444444424
03 0.6781250000000001 0.8743749999999999 0.03373809523809512 0.013738095238095105
03 0.9706250000000001 0.170625 0.04124297752808992 0.018742977528089844
11 0.685 0.829375 0.027495098039215793 0.028745098039215655
04 0.056874999999999995 0.281875 0.02620689655172414 0.01870689655172414
03 0.51125 0.0325 0.05997844827586207 0.01997844827586207
03 0.1725 0.93375 0.05238636363636365 0.04238636363636372
09 0.585 0.375 0.0399857954545455 0.0399857954545455
