03 0.113125 0.5275000000000001 0.023733552631578933 0.022483552631578863
13 0.85375 0.17375000000000002 0.032491610738254906 0.03499161073825505
15 0.173125 0.395625 0.023706896551724144 0.011206896551724133
11 0.59875 0.34687500000000004 0.022494444444444595 0.018744444444444508
20 0.155 0.270625 0.01998809523809525 0.021238095238095278
00 0.86 0.9425 0.02749297752808988 0.022492977528089764
18 0.785 0.125 0.014995098039215726 0.017495098039215687
15 0.175625 0.6643749999999999 0.01870689655172414 0.03870689655172421
09 0.168125 0.483125 0.018728448275862064 0.02622844827586207
04 0.735625 0.681875 0.02113636363636373 0.013636363636363669
