18 0.09125 0.59125 0.024983552631578948 0.027483552631578978
05 0.73625 0.8131250000000001 0.042491610738254915 0.038741610738254884
19 0.06375 0.36875 0.019956896551724147 0.044956896551724135
07 0.55375 0.449375 0.019994444444444537 0.1262444444444445
06 0.481875 0.910625 0.09123809523809523 0.028738095238095118
03 0.33499999999999996 0.955625 0.034992977528089886 0.07374297752808989
02 0.323125 0.453125 0.031245098039215713 0.04374509803921567
11 0.55625 0.68875 0.029956896551724066 0.032456896551724124
08 0.736875 0.47250000000000003 0.0487284482758622 0.017478448275862035
07 0.44815340909090906 0.24375 0.0836931818181818 0.03738636363636366
