02 0.63375 0.1625 0.04248355263157888 0.06748355263157896
06 0.6381249999999999 0.85875 0.12374161073825496 0.07499161073825489
03 0.171875 0.49 0.03120689655172415 0.11995689655172415
18 0.201875 0.565 0.03374444444444441 0.0374944444444445
03 0.200625 0.8556250000000001 0.03373809523809529 0.07373809523809516
17 0.26375 0.264375 0.049992977528089844 0.061242977528089854
04 0.35875 0.791875 0.0499950980392157 0.046245098039215726
14 0.931875 0.483125 0.05620689655172417 0.028706896551724148
03 0.218125 0.2175 0.05872844827586207 0.07747844827586209
03 0.534375 0.09125 0.023636363636363567 0.04738636363636363
04 0.52375 0.946875 0.05498579545454546 0.048735795454545316
