03 0.6131249999999999 0.78375 0.033733552631578845 0.03748355263157899
04 0.8656250000000001 0.809375 0.026241610738254928 0.02374161073825498
06 0.899375 0.03125 0.046206896551724164 0.04495689655172414
06 0.489375 0.485 0.06374444444444444 0.01999444444444448
10 0.16875 0.575625 0.017488095238095275 0.016238095238095274
07 0.463125 0.05500000000000001 0.03874297752808986 0.059992977528089894
04 0.81875 0.436875 0.017495098039215673 0.018745098039215702
10 0.39 0.5193749999999999 0.019956896551724113 0.01370689655172408
18 0.2925 0.9675 0.014978448275862088 0.0174784482758622
04 0.056875 0.34375 0.026136363636363638 0.022386363636363593
03 0.62125 0.39437500000000003 0.022485795454545432 0.04123579545454542
04 0.420625 0.7175 0.023719512195121972 0.029969512195122006
06 0.6018749999999999 0.05937499999999999 0.053732142857142784 0.043732142857142844
