03 0.2275 0.848125 0.01998355263157897 0.07373355263157888
02 0.18062499999999998 0.8756250000000001 0.011241610738255053 0.04874161073825489
03 0.8262499999999999 0.071875 0.022456896551724115 0.02120689655172414
03 0.509375 0.21625 0.013744444444444559 0.03749444444444444
03 0.913125 0.51125 0.03373809523809512 0.019988095238095305
06 0.26062675561797755 0.35875 0.026246488764044923 0.06499297752808986
18 0.875625 0.525625 0.0162450980392157 0.018745098039215646
03 0.776875 0.024375 0.008706896551724075 0.03620689655172414
18 0.9468749999999999 0.6756249999999999 0.01622844827586223 0.018728448275862175
12 0.618125 0.78 0.03863636363636358 0.039886363636363775
03 0.10250000000000001 0.1825 0.03998579545454546 0.027485795454545464
01 0.919375 0.271875 0.013719512195122019 0.011219512195122017
06 0.48750000000000004 0.37625 0.017482142857142835 0.07748214285714283
