03 0.74 0.965 0.04498355263157894 0.037483552631578876
11 0.395 0.8518749999999999 0.04249161073825508 0.038741610738254884
07 0.909375 0.19436422413793103 0.04620689655172405 0.031228448275862075
05 0.5393749999999999 0.746875 0.026244444444444404 0.05374444444444437
03 0.25625 0.234375 0.05248809523809525 0.058738095238095256
15 0.5125 0.33375 0.06249297752808991 0.11749297752808985
08 0.50125 0.07250000000000001 0.022495098039215733 0.05249509803921569
13 0.30062500000000003 0.145625 0.16870689655172416 0.05620689655172413
20 0.69625 0.8668750000000001 0.032478448275862215 0.03122844827586213
04 0.9475 0.391875 0.04238636363636372 0.048636363636363644
08 0.945 0.171875 0.037485795454545334 0.016235795454545454
