04 0.31625 0.5575 0.019983552631578916 0.019983552631578805
08 0.604375 0.19124999999999998 0.02624161073825504 0.029991610738255042
20 0.019375000000000003 0.3875 0.01870689655172414 0.01745689655172411
15 0.8474999999999999 0.49375 0.019994444444444315 0.01999444444444448
14 0.303125 0.7 0.02373809523809528 0.02248809523809514
17 0.373125 0.24125000000000002 0.018742977528089844 0.019992977528089845
03 0.678125 0.34625 0.018745098039215646 0.014995098039215726
12 0.36312500000000003 0.35875 0.023706896551724144 0.02745689655172412
03 0.701875 0.5974999999999999 0.01622844827586223 0.03497844827586205
04 0.37875000000000003 0.8300000000000001 0.024886363636363595 0.022386363636363815
