12 0.23125 0.72 0.04998355263157897 0.05248355263157889
07 0.31437499999999996 0.32125000000000004 0.04874161073825506 0.07999161073825506
04 0.079375 0.55625 0.048706896551724145 0.03745689655172413
03 0.411875 0.3775 0.0712444444444445 0.03249444444444449
12 0.405 0.34687500000000004 0.049988095238095276 0.056238095238095254
00 0.49187499999999995 0.215625 0.038742977528089806 0.03374297752808986
20 0.78 0.236875 0.04499509803921564 0.04124509803921572
03 0.10875 0.226875 0.032456896551724124 0.033706896551724125
08 0.055624999999999994 0.161875 0.09622844827586206 0.05872844827586207
08 0.7475 0.079375 0.06738636363636374 0.03613636363636363
02 0.29625 0.815625 0.059985795454545465 0.12873579545454528
04 0.31375 0.0675 0.04746951219512202 0.03746951219512194
