03 0.569375 0.535625 0.016233552631578885 0.031233552631578898
08 0.24062499999999998 0.51875 0.016241610738255058 0.03999161073825508
07 0.504375 0.8456250000000001 0.06120689655172412 0.08620689655172409
14 0.8393736111111111 0.49624999999999997 0.028747222222222257 0.02249444444444454
13 0.616875 0.15500000000000003 0.07373809523809527 0.03748809523809524
03 0.6975 0.59625 0.019992977528089817 0.05499297752808985
08 0.326875 0.12562500000000001 0.023745098039215706 0.0612450980392157
01 0.7375 0.185 0.014956896551724053 0.012456896551724106
00 0.28125 0.34875 0.032478448275862104 0.029978448275862046
01 0.7737499999999999 0.045625 0.0173863636363637 0.013636363636363634
20 0.88625 0.30500000000000005 0.01498579545454537 0.012485795454545479
