06 0.69375 0.3725 0.03498355263157893 0.037483552631578876
03 0.105625 0.9199999999999999 0.031241610738255043 0.014991610738254946
03 0.7987500000000001 0.6475 0.03495689655172407 0.03745689655172413
00 0.42562500000000003 0.9762500000000001 0.02624444444444446 0.017494444444444368
03 0.8374999999999999 0.618125 0.054988095238095114 0.031238095238095287
08 0.940625 0.186875 0.07124297752808983 0.07874297752808987
09 0.46125 0.818125 0.027495098039215682 0.028745098039215655
08 0.2075 0.156875 0.02995689655172412 0.033706896551724125
05 0.5900000000000001 0.54375 0.032478448275862104 0.02747844827586199
00 0.47624999999999995 0.7725 0.024886363636363595 0.019886363636363757
05 0.331875 0.865 0.031235795454545467 0.019985795454545263
