05 0.785625 0.22562500000000002 0.02873355263157884 0.01873355263157897
11 0.6756249999999999 0.1075 0.026241610738254928 0.024991610738255038
05 0.861875 0.12873922413793104 0.02120689655172414 0.03247844827586206
03 0.616875 0.6537499999999999 0.05374444444444437 0.03249444444444438
15 0.510625 0.07999999999999999 0.013738095238095216 0.019988095238095235
03 0.57125 0.015625 0.022492977528089875 0.021242977528089887
05 0.03125 0.03 0.014995098039215685 0.039995098039215686
03 0.5349999999999999 0.18312499999999998 0.05495689655172409 0.02870689655172412
00 0.52875 0.25875000000000004 0.029978448275862157 0.029978448275862102
04 0.7275 0.97375 0.024886363636363762 0.022386363636363704
04 0.7831250000000001 0.579375 0.0337357954545453 0.03873579545454542
15 0.6856249999999999 0.235 0.016219512195121966 0.017469512195121967
19 0.735 0.051875 0.04498214285714286 0.021232142857142852
