03 0.72875 0.33125 0.14498355263157892 0.17498355263157894
20 0.2375 0.23375 0.06999161073825508 0.04749161073825506
03 0.5643750000000001 0.816875 0.053706896551724115 0.1387068965517242
15 0.13374999999999998 0.921875 0.06999444444444444 0.05624444444444432
12 0.8868750000000001 0.754375 0.08373809523809517 0.10373809523809507
06 0.14437499999999998 0.771875 0.031242977528089882 0.27874297752808985
00 0.776875 0.87375 0.05874509803921568 0.05749509803921571
20 0.113125 0.326875 0.06120689655172412 0.05620689655172412
03 0.523125 0.590625 0.08872844827586207 0.10372844827586214
20 0.34062499999999996 0.918125 0.04113636363636364 0.03113636363636374
