02 0.1925 0.603125 0.01748355263157897 0.033733552631578956
18 0.264375 0.229375 0.013741610738255028 0.01624161073825503
03 0.5587500000000001 0.86625 0.03495689655172407 0.02745689655172412
18 0.07125000000000001 0.6 0.012494444444444433 0.014994444444444532
07 0.3481279761904762 0.31 0.02624404761904764 0.017488095238095247
03 0.419375 0.82875 0.05124297752808982 0.029992977528089826
06 0.840625 0.84 0.031245098039215713 0.0474950980392157
04 0.024375 0.965625 0.016206896551724137 0.023706896551724088
20 0.750625 0.12 0.011228448275862224 0.00997844827586207
03 0.53625 0.48812500000000003 0.019886363636363535 0.038636363636363635
