08 0.731875 0.4275 0.033733552631578845 0.08748355263157892
07 0.41500000000000004 0.558125 0.027491610738255068 0.15124161073825504
14 0.75125 0.8031250000000001 0.09495689655172412 0.07370689655172413
20 0.6412499999999999 0.9256249999999999 0.037494444444444386 0.03624444444444441
18 0.6168750000000001 0.278125 0.041238095238095185 0.04373809523809524
20 0.839375 0.26937500000000003 0.06874297752808989 0.05124297752808987
18 0.8243750000000001 0.10999999999999999 0.04374509803921567 0.044995098039215684
00 0.26125 0.683125 0.042456896551724105 0.0387068965517241
03 0.393125 0.329375 0.26372844827586206 0.11372844827586209
11 0.344375 0.569375 0.0636363636363636 0.07363636363636361
11 0.063125 0.51 0.08623579545454546 0.05998579545454552
09 0.741875 0.42000000000000004 0.04121951219512199 0.05996951219512198
08 0.5762499999999999 0.468125 0.06248214285714282 0.08373214285714276
