07 0.8674999999999999 0.0775 0.03248355263157887 0.07998355263157894
15 0.859375 0.288125 0.036241610738254826 0.04624161073825506
01 0.304375 0.015 0.016206896551724137 0.012456896551724139
12 0.2 0.47375 0.029994444444444407 0.04999444444444445
18 0.45687500000000003 0.6499999999999999 0.021238095238095223 0.024988095238095198
20 0.786875 0.057499999999999996 0.018742977528089844 0.01749297752808989
11 0.111875 0.04625 0.033745098039215674 0.024995098039215687
03 0.52625 0.14125 0.0699568965517241 0.039956896551724116
03 0.24875 0.8912500000000001 0.017478448275862035 0.059978448275862184
08 0.916875 0.9525 0.04863636363636381 0.019886363636363757
