02 0.36999588815789475 0.374375 0.009991776315789458 0.028733552631578896
03 0.44 0.1275 0.024991610738255066 0.024991610738255066
02 0.823760775862069 0.826875 0.019978448275862037 0.006206896551724128
03 0.82375 0.774375 0.017494444444444368 0.01874444444444434
10 0.289375 0.188125 0.016238095238095274 0.018738095238095248
14 0.77875 0.641875 0.00749297752808975 0.0212429775280899
00 0.63125 0.859375 0.017495098039215673 0.013745098039215753
09 0.43875 0.45875 0.019956896551724113 0.034956896551724126
03 0.913125 0.544375 0.026228448275862237 0.01372844827586206
00 0.7875000000000001 0.5743750000000001 0.0173863636363637 0.013636363636363558
03 0.493125 0.40375 0.0187357954545454 0.017485795454545427
10 0.489375 0.610625 0.013719512195122019 0.013719512195122019
20 0.114375 0.859375 0.016232142857142876 0.01373214285714286
