06 0.9775 0.6012500000000001 0.03498355263157893 0.14498355263157892
14 0.47062499999999996 0.5175000000000001 0.06624161073825502 0.03249161073825502
13 0.203125 0.164375 0.10370689655172413 0.08120689655172413
03 0.476875 0.5549999999999999 0.033744444444444466 0.06749444444444441
06 0.38187499999999996 0.27437500000000004 0.1012380952380953 0.05373809523809531
12 0.185 0.58125 0.07749297752808987 0.047492977528089786
01 0.859375 0.295625 0.028745098039215655 0.026245098039215653
03 0.441875 0.675 0.031206896551724095 0.032456896551724124
02 0.8162499999999999 0.41874999999999996 0.06997844827586219 0.07247844827586208
13 0.771875 0.30937499999999996 0.043636363636363695 0.07613636363636361
14 0.26937500000000003 0.198125 0.02373579545454546 0.061235795454545466
