04 0.533125 0.84625 0.0362335526315789 0.03498355263157882
03 0.7125 0.080625 0.052491610738254924 0.02874161073825504
08 0.818125 0.5275 0.03120689655172404 0.07745689655172411
02 0.314375 0.5337500000000001 0.04874444444444448 0.06999444444444453
06 0.6425 0.733125 0.08998809523809514 0.08623809523809511
04 0.566875 0.28500000000000003 0.03874297752808986 0.044992977528089895
06 0.171875 0.46625 0.051245098039215675 0.017495098039215673
20 0.7906249999999999 0.54 0.04120689655172416 0.03495689655172407
03 0.903125 0.69375 0.0487284482758622 0.07747844827586214
12 0.649375 0.79 0.05613636363636365 0.0748863636363638
06 0.4912535511363636 0.936875 0.039992897727272714 0.12123579545454533
13 0.9425 0.32375 0.06496951219512193 0.18246951219512195
03 0.2 0.9249955357142857 0.06248214285714285 0.0499910714285714
