20 0.07749999999999999 0.575625 0.014983552631578953 0.013733552631578827
01 0.975625 0.255 0.01624161073825492 0.014991610738255057
15 0.413125 0.903125 0.02120689655172414 0.01370689655172408
14 0.825 0.290625 0.027494444444444377 0.03624444444444447
14 0.4075 0.2275 0.022488095238095307 0.037488095238095265
10 0.020624999999999998 0.74375 0.028742977528089887 0.02749297752808988
15 0.5825 0.549375 0.03749509803921569 0.06124509803921574
12 0.059375 0.276875 0.05120689655172413 0.041206896551724104
14 0.050624999999999996 0.06937499999999999 0.03122844827586206 0.03122844827586206
20 0.744375 0.9706250000000001 0.028636363636363793 0.028636363636363682
