14 0.825625 0.678125 0.04123355263157891 0.05873355263157887
03 0.0825 0.570625 0.01749161073825503 0.03624161073825505
03 0.849375 0.7206250000000001 0.04370689655172422 0.05120689655172417
11 0.3125 0.40625 0.034994444444444495 0.02499444444444454
06 0.591875 0.7537499999999999 0.06373809523809526 0.12498809523809518
03 0.35062499999999996 0.27437500000000004 0.05374297752808982 0.05624297752808988
20 0.14937499999999998 0.28 0.021245098039215676 0.01749509803921573
03 0.93875 0.896875 0.03745689655172413 0.018706896551724084
06 0.0375 0.14375 0.00997844827586207 0.10747844827586205
04 0.864375 0.2125 0.04113636363636375 0.042386363636363666
01 0.125625 0.956875 0.06373579545454547 0.058735795454545325
18 0.21750000000000003 0.87625 0.029969512195121978 0.03246951219512195
05 0.15437499999999998 0.9724999999999999 0.026232142857142843 0.03248214285714279
20 0.469375 0.38687499999999997 0.026237500000000025 0.02623749999999997
