14 0.454375 0.53125 0.028733552631578896 0.019983552631578805
06 0.90875 0.6537499999999999 0.032491610738254906 0.06249161073825493
03 0.16626077586206897 0.7375 0.027478448275862044 0.032456896551724124
03 0.794375 0.09187500000000001 0.013744444444444448 0.028744444444444447
18 0.9225 0.50125 0.01498809523809519 0.017488095238095303
09 0.6456249999999999 0.948125 0.023742977528089848 0.02124297752808979
02 0.575625 0.90875 0.011245098039215695 0.04499509803921564
14 0.110625 0.4375 0.02870689655172412 0.01745689655172411
11 0.5525 0.291875 0.01747844827586209 0.016228448275862062
08 0.10062499999999999 0.4575 0.03863636363636362 0.01988636363636359
03 0.323125 0.715625 0.028735795454545465 0.023735795454545294
06 0.14875 0.588125 0.00746951219512193 0.026219512195121975
