18 0.52 0.391875 0.03498355263157893 0.0362335526315789
06 0.20875 0.229375 0.11249161073825506 0.07624161073825506
00 0.8106249999999999 0.020625 0.043706896551724106 0.02870689655172414
19 0.968125 0.4575 0.051244444444444426 0.03249444444444449
06 0.29874999999999996 0.98125 0.024988095238095254 0.029988095238095203
03 0.34562499999999996 0.32125000000000004 0.011242977528089837 0.03249297752808983
10 0.25125 0.505625 0.0499950980392157 0.031245098039215657
06 0.491875 0.395 0.09370689655172415 0.16745689655172413
08 0.23999461206896552 0.6575 0.03748922413793104 0.059978448275862184
18 0.665 0.25875 0.02738636363636371 0.029886363636363655
20 0.231875 0.42874999999999996 0.028735795454545465 0.022485795454545487
04 0.140625 0.7525 0.03371951219512194 0.03746951219512196
