20 0.44437499999999996 0.594375 0.011233552631578936 0.013733552631578938
04 0.626875 0.153125 0.031241610738254932 0.023741610738255065
06 0.823125 0.9668749999999999 0.03370689655172421 0.01370689655172408
03 0.379375 0.43125 0.016244444444444506 0.02999444444444449
15 0.8656279761904762 0.04 0.02624404761904764 0.017488095238095233
09 0.8731249999999999 0.47187500000000004 0.03374297752808986 0.04624297752808987
02 0.39125 0.36124999999999996 0.03999509803921569 0.0449950980392157
04 0.854375 0.43062500000000004 0.04120689655172405 0.028706896551724148
03 0.495625 0.7949999999999999 0.08622844827586212 0.03747844827586222
11 0.5081249999999999 0.1675 0.033636363636363575 0.029886363636363655
