03 0.136875 0.3325 0.021233552631578945 0.022483552631578918
09 0.09312500000000001 0.681875 0.048741610738255045 0.031241610738254932
08 0.48624999999999996 0.88 0.019956896551724113 0.03745689655172413
20 0.78125 0.615 0.01499444444444431 0.014994444444444532
18 0.066875 0.973125 0.026238095238095234 0.028738095238095118
03 0.094375 0.548125 0.04124297752808989 0.028742977528089853
04 0.398125 0.509375 0.031245098039215713 0.0162450980392157
05 0.41375 0.04000000000000001 0.01745689655172411 0.039956896551724144
01 0.466875 0.8668750000000001 0.03872844827586208 0.0337284482758623
09 0.606875 0.764375 0.0486363636363637 0.036136363636363744
12 0.129375 0.83875 0.03873579545454546 0.03998579545454528
03 0.229375 0.620625 0.04621951219512199 0.051219512195122
09 0.701875 0.06 0.02123214285714281 0.03498214285714285
