09 0.375 0.8262499999999999 0.0724835526315789 0.06998355263157896
09 0.5125 0.335625 0.04999161073825509 0.08874161073825504
06 0.7462500000000001 0.47375 0.10245689655172419 0.09745689655172418
08 0.291875 0.668125 0.033744444444444466 0.033744444444444355
20 0.6756249999999999 0.966875 0.041238095238095185 0.03873809523809513
03 0.56625 0.265 0.09999297752808989 0.14749297752808987
20 0.76875 0.243125 0.0474950980392157 0.043745098039215724
10 0.043125000000000004 0.111875 0.04370689655172415 0.031206896551724136
12 0.791875 0.265 0.07372844827586222 0.11247844827586206
03 0.808125 0.445625 0.08113636363636378 0.03613636363636363
03 0.07375000000000001 0.6993750000000001 0.08248579545454547 0.04373579545454531
