03 0.5387500000000001 0.04187500000000001 0.047483552631578996 0.05123355263157896
03 0.46062499999999995 0.7575000000000001 0.043741610738255055 0.0274916107382549
07 0.20686422413793104 0.72375 0.02372844827586207 0.03495689655172418
03 0.17312499999999997 0.358125 0.02624444444444446 0.031244444444444464
01 0.185 0.3325 0.02248809523809525 0.02248809523809525
06 0.2525 0.58375 0.01749297752808987 0.09999297752808989
14 0.11687499999999999 0.725625 0.02624509803921568 0.018745098039215757
20 0.17375000000000002 0.404375 0.02995689655172415 0.026206896551724146
08 0.5125 0.27 0.04247844827586211 0.04747844827586206
10 0.67375 0.25875 0.03238636363636371 0.022386363636363676
03 0.72375 0.629375 0.01498579545454537 0.03623579545454547
03 0.28812499999999996 0.586875 0.04371951219512199 0.03871951219512193
04 0.9299999999999999 0.370625 0.03748214285714291 0.023732142857142813
