15 0.59625 0.18625 0.029983552631578925 0.01748355263157897
05 0.8600000000000001 0.73 0.0274916107382549 0.02999161073825496
03 0.618125 0.076875 0.0387068965517241 0.026206896551724132
05 0.75 0.09687499999999999 0.029994444444444435 0.018744444444444466
20 0.95 0.5775 0.024988095238095087 0.02248809523809525
18 0.3675 0.4425 0.014992977528089813 0.01749297752808987
03 0.799373774509804 0.46875 0.013747549019607841 0.034995098039215744
10 0.71 0.721875 0.019956896551724168 0.018706896551724195
19 0.47875 0.429375 0.012478448275862086 0.01372844827586206
08 0.6025 0.675 0.047386363636363615 0.019886363636363757
14 0.72 0.654375 0.044985795454545285 0.016235795454545343
20 0.826875 0.395 0.023719512195122028 0.022469512195122
