14 0.818125 0.5631250000000001 0.0887335526315789 0.04123355263157891
03 0.35875 0.561875 0.052491610738255035 0.018741610738254977
03 0.210625 0.9456249999999999 0.06870689655172413 0.0337068965517241
14 0.740625 0.2025 0.05624444444444432 0.06749444444444444
19 0.21 0.481875 0.03248809523809526 0.07123809523809521
20 0.23625000000000002 0.50125 0.02749297752808985 0.029992977528089826
14 0.348125 0.84375 0.033745098039215715 0.049995098039215646
03 0.879375 0.8625 0.05120689655172406 0.06245689655172415
13 0.11125000000000002 0.796875 0.10747844827586209 0.1162284482758622
03 0.493125 0.415625 0.06613636363636355 0.04113636363636358
10 0.055 0.94375 0.03748579545454546 0.027485795454545325
