07 0.3625 0.151875 0.08998355263157898 0.02873355263157895
06 0.80125 0.7381249999999999 0.024991610738254844 0.018741610738254866
06 0.057499999999999996 0.145 0.062456896551724136 0.059956896551724134
18 0.6681250000000001 0.48875 0.008744444444444333 0.01249444444444453
10 0.70875 0.809375 0.017488095238095136 0.013738095238095105
03 0.042499999999999996 0.389375 0.04499297752808989 0.0337429775280898
14 0.80875 0.46125000000000005 0.014995098039215726 0.02499509803921568
03 0.148125 0.263125 0.01870689655172414 0.018706896551724084
03 0.848125 0.618125 0.026228448275862237 0.01372844827586206
15 0.305 0.905 0.022386363636363704 0.0173863636363637
03 0.03 0.49624999999999997 0.03498579545454546 0.06248579545454541
03 0.13 0.964375 0.022469512195121943 0.03121951219512198
12 0.16625 0.6087499999999999 0.017482142857142863 0.029982142857142846
02 0.569375 0.630625 0.033737499999999976 0.028737500000000082
