10 0.053125000000000006 0.8175 0.05373355263157895 0.04248355263157899
11 0.130625 0.299375 0.03374161073825503 0.04124161073825505
04 0.375 0.8356250000000001 0.029956896551724177 0.03120689655172415
18 0.47562499999999996 0.46499999999999997 0.023744444444444512 0.024994444444444486
06 0.7093779761904762 0.71375 0.028744047619047586 0.017488095238095136
15 0.408125 0.39125 0.018742977528089844 0.03499297752808983
03 0.35562499999999997 0.441875 0.04624509803921567 0.021245098039215704
08 0.683125 0.968125 0.08120689655172408 0.04120689655172405
03 0.45375 0.409375 0.06747844827586208 0.043728448275862086
20 0.31375 0.384375 0.027386363636363598 0.023636363636363622
