11 0.30562500000000004 0.054375 0.023733552631579002 0.02373355263157896
04 0.6775 0.241875 0.022491610738254897 0.021241610738255035
09 0.11 0.445 0.01995689655172414 0.02745689655172412
13 0.474375 0.7125 0.04874444444444448 0.01499444444444431
03 0.66625 0.26125 0.0399880952380951 0.017488095238095303
20 0.16999999999999998 0.604375 0.009992977528089836 0.008742977528089835
11 0.3325 0.38875000000000004 0.032495098039215686 0.019995098039215675
09 0.87875 0.10062499999999999 0.03745689655172413 0.028706896551724134
14 0.939375 0.16625 0.06372844827586222 0.022478448275862067
15 0.12437500000000001 0.7675000000000001 0.03613636363636365 0.022386363636363815
