08 0.7137458881578947 0.17 0.034991776315789425 0.042483552631578936
08 0.164375 0.864375 0.021241610738255035 0.028741610738254986
00 0.41875 0.03 0.02745689655172412 0.02495689655172414
01 0.264375 0.308125 0.02624444444444446 0.026244444444444404
04 0.11125 0.943125 0.02998809523809523 0.02623809523809517
07 0.491875 0.5449999999999999 0.05624297752808982 0.06249297752808991
02 0.62375 0.4325 0.027495098039215682 0.017495098039215673
08 0.8712500000000001 0.855 0.019956896551724168 0.03745689655172413
08 0.3749946120689655 0.555625 0.03498922413793104 0.04122844827586203
01 0.854375 0.97875 0.028636363636363793 0.019886363636363757
18 0.21187499999999998 0.6387499999999999 0.016235795454545482 0.019985795454545374
05 0.314375 0.6443749999999999 0.03621951219512198 0.016219512195121966
15 0.135 0.6275 0.017482142857142863 0.012482142857142775
