00 0.47250000000000003 0.521875 0.022483552631578918 0.023733552631578947
09 0.161875 0.30874999999999997 0.02874161073825504 0.014991610738255001
18 0.026250000000000002 0.516875 0.01745689655172414 0.02120689655172414
01 0.920625 0.27375000000000005 0.031244444444444408 0.027494444444444432
18 0.40125 0.7275 0.0149880952380953 0.017488095238095136
08 0.59125 0.11812500000000001 0.0524929775280899 0.05874297752808989
20 0.9275 0.0975 0.01999509803921562 0.017495098039215687
11 0.625625 0.491875 0.016206896551724137 0.02120689655172414
15 0.9724999999999999 0.55 0.014978448275862255 0.022478448275862095
20 0.341875 0.366875 0.02113636363636362 0.018636363636363562
04 0.255625 0.6825 0.026235795454545463 0.017485795454545316
15 0.04375 0.32625000000000004 0.004969512195121949 0.017469512195121994
03 0.149375 0.8218749999999999 0.01623214285714286 0.02123214285714281
