10 0.9624999999999999 0.645 0.04248355263157888 0.029983552631578925
05 0.9099999999999999 0.93625 0.03749161073825491 0.07999161073825489
05 0.78375 0.686875 0.057456896551724035 0.03370689655172421
03 0.3825 0.7193750000000001 0.047494444444444506 0.09124444444444435
03 0.48125 0.37687499999999996 0.027488095238095256 0.056238095238095254
06 0.1325 0.28375 0.12249297752808988 0.09999297752808986
03 0.71375 0.9299999999999999 0.059995098039215655 0.022495098039215677
07 0.13874999999999998 0.231875 0.027456896551724147 0.13370689655172416
13 0.80375 0.6525000000000001 0.06497844827586219 0.1424784482758622
09 0.26625 0.6725000000000001 0.06738636363636369 0.03738636363636372
06 0.54625 0.50625 0.06248579545454547 0.06998579545454547
13 0.74625 0.329375 0.11246951219512202 0.111219512195122
03 0.663125 0.548125 0.0587321428571429 0.04623214285714283
