15 0.253125 0.42000000000000004 0.033733552631578956 0.022483552631578918
00 0.275 0.67125 0.019991610738255006 0.014991610738254835
20 0.1875 0.45999999999999996 0.012456896551724106 0.012456896551724161
14 0.598125 0.23812361111111113 0.016244444444444506 0.008747222222222212
18 0.9512499999999999 0.11374999999999999 0.012488095238095132 0.014988095238095231
06 0.435 0.73 0.029992977528089826 0.03499297752808983
11 0.66 0.47750000000000004 0.014995098039215726 0.01499509803921567
20 0.399375 0.32125 0.02120689655172414 0.022456896551724115
02 0.713125 0.049374999999999995 0.021228448275862233 0.033728448275862064
03 0.200625 0.049375 0.02613636363636368 0.02613636363636363
03 0.10250000000000001 0.3625 0.022485795454545474 0.0349857954545455
14 0.508125 0.441875 0.031219512195122034 0.016219512195121966
