03 0.925625 0.236875 0.026233552631578894 0.088733552631579
20 0.934375 0.09 0.028741610738254875 0.02999161073825503
20 0.608125 0.64125 0.036206896551724155 0.03495689655172418
04 0.8175 0.85375 0.037494444444444275 0.022494444444444373
03 0.27 0.765625 0.03248809523809526 0.021238095238095056
18 0.130625 0.6581250000000001 0.028742977528089894 0.03124297752808991
03 0.69125 0.535625 0.05749509803921571 0.1962450980392157
12 0.3675 0.97125 0.057456896551724146 0.03495689655172407
11 0.610625 0.90375 0.03372844827586208 0.02747844827586221
12 0.5181250000000001 0.4475 0.048636363636363644 0.047386363636363615
01 0.21250000000000002 0.575625 0.024985795454545462 0.026235795454545463
03 0.7106250000000001 0.208125 0.018719512195121912 0.04371951219512199
03 0.6975 0.42625 0.032482142857142904 0.03498214285714285
