05 0.489375 0.795 0.016233552631578885 0.02498355263157892
03 0.13624999999999998 0.879375 0.019991610738255033 0.046241610738254835
06 0.579375 0.09248922413793104 0.053706896551724115 0.017478448275862063
06 0.42375 0.83875 0.06249444444444452 0.027494444444444266
03 0.485625 0.7150000000000001 0.05123809523809525 0.014988095238095078
15 0.400625 0.245625 0.01374297752808984 0.02624297752808985
00 0.9225 0.5925 0.01999509803921562 0.014995098039215726
03 0.6656249999999999 0.805 0.02120689655172414 0.02745689655172412
02 0.26125 0.735 0.014978448275862088 0.032478448275862215
03 0.5693465909090909 0.22312500000000002 0.02119318181818186 0.026136363636363652
03 0.944375 0.19125 0.026235795454545352 0.017485795454545483
