03 0.935 0.39625 0.0774835526315788 0.08498355263157892
03 0.8825 0.6693749999999999 0.032491610738254906 0.07374161073825491
03 0.6268750000000001 0.474375 0.06370689655172412 0.036206896551724155
12 0.286875 0.22875 0.06874444444444444 0.04499444444444445
03 0.058125 0.641875 0.018738095238095234 0.04373809523809524
11 0.19374999999999998 0.90125 0.03499297752808986 0.04249297752808978
10 0.355 0.290625 0.01499509803921567 0.013745098039215697
03 0.056874999999999995 0.5925 0.05120689655172413 0.05245689655172414
18 0.46125 0.88625 0.022478448275862095 0.024978448275862153
03 0.48125 0.32625 0.027386363636363598 0.05238636363636362
03 0.490625 0.43437499999999996 0.11373579545454543 0.028735795454545465
