08 0.42562500000000003 0.8300000000000001 0.04373355263157891 0.012483552631578854
03 0.5375000000000001 0.334375 0.03249161073825502 0.03624161073825505
04 0.8131250000000001 0.013749999999999998 0.02120689655172414 0.019956896551724137
03 0.725625 0.520625 0.04624444444444442 0.018744444444444452
04 0.44999999999999996 0.08937500000000001 0.024988095238095254 0.018738095238095234
08 0.866875 0.19375 0.018742977528089844 0.014992977528089868
08 0.052500000000000005 0.019375 0.02749509803921569 0.03374509803921569
12 0.483125 0.186875 0.023706896551724144 0.02870689655172412
09 0.7275 0.6625 0.03747844827586222 0.01997844827586226
18 0.7893749999999999 0.835 0.016136363636363726 0.019886363636363757
03 0.46125 0.11875 0.05248579545454546 0.014985795454545467
00 0.328125 0.680625 0.02121951219512197 0.013719512195122019
