03 0.395 0.541875 0.034983552631578874 0.06373355263157898
20 0.86 0.22625 0.052491610738254924 0.03999161073825505
03 0.298125 0.430625 0.09870689655172413 0.053706896551724115
06 0.4325 0.32 0.12499444444444452 0.07999444444444448
08 0.148125 0.5849970238095238 0.06373809523809526 0.07249404761904765
14 0.24312499999999998 0.7818750000000001 0.05374297752808985 0.03374297752808986
07 0.23062500000000002 0.486875 0.053745098039215705 0.02374509803921565
06 0.13375 0.774375 0.08245689655172413 0.08870689655172415
09 0.839375 0.945 0.06872844827586222 0.032478448275862215
18 0.264375 0.748125 0.028636363636363626 0.03113636363636374
05 0.1625 0.9337500000000001 0.049985795454545456 0.029985795454545383
