00 0.8243750000000001 0.21437499999999998 0.04123355263157891 0.036233552631578986
03 0.391875 0.865 0.046241610738255 0.02999161073825496
12 0.5393749999999999 0.414375 0.053706896551724115 0.05870689655172412
18 0.43875 0.06625 0.024994444444444486 0.02749444444444444
01 0.62375 0.8600000000000001 0.037488095238095265 0.03248809523809515
03 0.406875 0.631875 0.05624297752808988 0.03874297752808986
20 0.965625 0.801875 0.031245098039215713 0.03374509803921577
15 0.561875 0.39812499999999995 0.028706896551724093 0.07620689655172413
05 0.624375 0.8612500000000001 0.026228448275862126 0.05747844827586224
12 0.805625 0.6431250000000001 0.043636363636363806 0.053636363636363704
