02 0.5325 0.23812499999999998 0.029983552631578925 0.026233552631578977
18 0.576875 0.430625 0.023741610738255092 0.02624161073825504
14 0.5675 0.02375 0.029956896551724066 0.03245689655172414
12 0.610625 0.23812500000000003 0.036244444444444524 0.041244444444444445
12 0.9137500000000001 0.433125 0.03248809523809515 0.036238095238095236
03 0.85875 0.640625 0.03249297752808977 0.033742977528089746
06 0.90375 0.090625 0.012495098039215669 0.03874509803921569
06 0.21500000000000002 0.9525 0.009956896551724131 0.024956896551724173
06 0.17813038793103447 0.7475 0.06873922413793102 0.032478448275862104
09 0.353125 0.5025 0.028636363636363626 0.03738636363636355
