02 0.275 0.59875 0.042483552631578936 0.08748355263157892
07 0.025625 0.326875 0.013741610738255035 0.05874161073825507
00 0.239375 0.745 0.043706896551724134 0.03495689655172418
18 0.9481250000000001 0.7925 0.02874444444444435 0.03249444444444438
07 0.520625 0.451875 0.09873809523809524 0.06623809523809526
11 0.7175 0.423125 0.03499297752808983 0.028742977528089853
20 0.276875 0.8400000000000001 0.041245098039215666 0.03499509803921563
03 0.0625 0.785625 0.07745689655172414 0.043706896551724106
20 0.4125 0.456875 0.024978448275862097 0.02372844827586207
20 0.845 0.913125 0.02738636363636371 0.018636363636363673
