04 0.848125 0.926875 0.033733552631578956 0.02873355263157884
09 0.70375 0.703125 0.014991610738254835 0.048741610738255
04 0.41375 0.188125 0.032456896551724124 0.03620689655172413
15 0.14250000000000002 0.35562499999999997 0.014994444444444449 0.021244444444444455
01 0.881875 0.029375 0.01873809523809511 0.016238095238095232
20 0.41500000000000004 0.2575 0.017492977528089815 0.01749297752808987
14 0.025 0.9762500000000001 0.024995098039215694 0.017495098039215784
03 0.9768857758620689 0.051875000000000004 0.028728448275862073 0.02120689655172415
07 0.506875 0.1275 0.02372844827586207 0.03747844827586207
03 0.383125 0.7112499999999999 0.0636363636363636 0.019886363636363646
02 0.27 0.8225 0.01498579545454548 0.03498579545454539
