03 0.96 0.05500000000000001 0.029983552631578925 0.032483552631578955
14 0.97 0.43374999999999997 0.017491610738254892 0.06499161073825505
03 0.27875 0.37 0.014956896551724164 0.024956896551724173
05 0.153125 0.96 0.02374444444444443 0.03249444444444438
04 0.790625 0.819375 0.02623809523809517 0.023738095238095114
11 0.93375 0.6925 0.02749297752808988 0.029992977528089826
14 0.52 0.38187499999999996 0.04499509803921575 0.03874509803921572
11 0.868125 0.32625000000000004 0.03120689655172415 0.019956896551724113
08 0.125625 0.5687500000000001 0.02872844827586206 0.012478448275862086
03 0.2575 0.010624999999999999 0.04238636363636364 0.018636363636363635
15 0.38125 0.875 0.032485795454545496 0.022485795454545432
