06 0.06812499999999999 0.641875 0.013733552631578952 0.11623355263157886
20 0.78375 0.303125 0.01999161073825484 0.02124161073825509
07 0.46813577586206895 0.643125 0.078728448275862 0.05120689655172417
03 0.16375 0.4075 0.08249444444444445 0.10499444444444445
02 0.39937500000000004 0.233125 0.04123809523809524 0.07123809523809527
03 0.114375 0.148125 0.026242977528089906 0.03874297752808989
02 0.5025 0.819375 0.06249509803921571 0.04874509803921567
08 0.76 0.09874999999999999 0.04495689655172419 0.04995689655172414
03 0.280625 0.49375 0.05372844827586204 0.04747844827586212
02 0.8975 0.23875000000000002 0.04988636363636367 0.044886363636363696
20 0.54375 0.139375 0.027485795454545436 0.031235795454545467
