03 0.1925 0.719375 0.03748355263157899 0.033733552631578956
11 0.49249999999999994 0.7350000000000001 0.02499161073825501 0.017491610738254892
14 0.264375 0.2 0.01620689655172408 0.012456896551724134
19 0.42000000000000004 0.250625 0.01999444444444448 0.031244444444444408
10 0.6825000000000001 0.619375 0.012488095238095132 0.013738095238095216
03 0.21000000000000002 0.1325 0.019992977528089845 0.019992977528089886
06 0.12187500000000001 0.59125 0.011245098039215709 0.06999509803921578
15 0.6325000000000001 0.0625 0.029956896551724177 0.01995689655172414
06 0.50875 0.50125 0.052478448275862066 0.05497844827586207
03 0.684375 0.15875 0.02363636363636379 0.017386363636363644
03 0.525625 0.739375 0.018735795454545512 0.016235795454545343
20 0.663125 0.62 0.02121951219512197 0.01746951219512205
