08 0.671875 0.12 0.033733552631578956 0.06248355263157894
15 0.849375 0.5237499999999999 0.018741610738254977 0.042491610738255026
15 0.8025 0.816875 0.04245689655172413 0.05620689655172417
20 0.196875 0.653125 0.03624444444444441 0.03624444444444441
04 0.808125 0.3725 0.04373809523809513 0.03498809523809532
03 0.110625 0.025625 0.038742977528089875 0.051242977528089886
18 0.53 0.335 0.02999509803921574 0.032495098039215686
14 0.755 0.113125 0.039956896551724075 0.05370689655172413
05 0.806875 0.36 0.03122844827586224 0.049978448275862064
11 0.846875 0.776875 0.043636363636363806 0.04113636363636375
06 0.6018749999999999 0.780625 0.013735795454545507 0.12123579545454533
01 0.345 0.31625000000000003 0.034969512195121955 0.03746951219512201
15 0.8925000000000001 0.905 0.08498214285714278 0.049982142857142864
18 0.916875 0.584375 0.03123750000000003 0.033737499999999976
