03 0.21000000000000002 0.615 0.03748355263157896 0.07498355263157896
01 0.236875 0.8362499999999999 0.02624161073825504 0.01999161073825484
06 0.32125 0.19125 0.04245689655172413 0.04995689655172414
15 0.41625 0.8075 0.034994444444444495 0.022494444444444373
12 0.890625 0.525 0.03873809523809513 0.05248809523809528
01 0.5787500000000001 0.265 0.022492977528089875 0.022492977528089875
03 0.893125 0.933125 0.05124509803921573 0.04374509803921567
14 0.235625 0.9375 0.03370689655172415 0.06745689655172415
20 0.78625 0.064375 0.01997844827586226 0.013728448275862067
19 0.455 0.38687499999999997 0.0323863636363636 0.03363636363636363
14 0.5625 0.024375 0.044985795454545396 0.02373579545454546
03 0.704375 0.4675 0.056219512195122 0.04496951219512196
07 0.161875 0.395625 0.03373214285714288 0.04623214285714283
