03 0.530625 0.351875 0.06873355263157888 0.04123355263157891
06 0.625625 0.4125 0.11374161073825495 0.06499161073825505
04 0.38125 0.6212500000000001 0.04745689655172414 0.032456896551724124
05 0.258125 0.22875 0.03874444444444444 0.05499444444444446
03 0.7024999999999999 0.5306249999999999 0.054988095238095114 0.03623809523809529
04 0.728125 0.400625 0.04124297752808981 0.031242977528089855
18 0.33187500000000003 0.95375 0.031245098039215657 0.034995098039215744
10 0.950625 0.604375 0.03870689655172421 0.04120689655172405
07 0.41500000000000004 0.8262499999999999 0.019978448275862093 0.06747844827586225
06 0.525 0.35125 0.12238636363636363 0.047386363636363615
05 0.34 0.31437499999999996 0.06248579545454547 0.038735795454545474
03 0.87875 0.175 0.07246951219512199 0.07996951219512197
04 0.7625 0.334375 0.04498214285714275 0.03373214285714282
