03 0.190625 0.15937500000000002 0.04373355263157899 0.03623355263157896
04 0.871875 0.45499999999999996 0.0537416107382549 0.03249161073825507
03 0.34625 0.09375 0.06245689655172415 0.03495689655172414
08 0.4587513888888889 0.5118750000000001 0.08249722222222222 0.0737444444444445
06 0.6543779761904762 0.7125 0.04124404761904765 0.11998809523809517
06 0.855625 0.253125 0.14374297752808984 0.11874297752808982
12 0.65625 0.479375 0.05749509803921571 0.06374509803921574
20 0.061875 0.524375 0.03120689655172415 0.02120689655172414
05 0.8075 0.54 0.05497844827586218 0.032478448275862104
08 0.565625 0.633125 0.061136363636363655 0.08863636363636362
08 0.396875 0.41125 0.08373579545454546 0.0349857954545455
