20 0.375 0.33375 0.022483552631578863 0.019983552631578916
15 0.490625 0.479375 0.028741610738254986 0.03624161073825505
14 0.05686422413793103 0.125 0.011228448275862078 0.034956896551724126
07 0.67125 0.6656249999999999 0.037494444444444275 0.02874444444444435
03 0.7987500000000001 0.7693749999999999 0.03248809523809515 0.03373809523809512
09 0.5875 0.7687482443820225 0.019992977528089817 0.019996488764044917
11 0.8106249999999999 0.986875 0.028745098039215766 0.02374509803921565
03 0.61375 0.53375 0.03745689655172413 0.022456896551724115
10 0.275625 0.015625 0.021228448275862066 0.01872844827586207
03 0.083125 0.4625 0.01863636363636363 0.022386363636363593
03 0.26937500000000003 0.691875 0.03373579545454547 0.0337357954545453
03 0.854375 0.19 0.033719512195121926 0.027469512195121976
