18 0.27 0.15937500000000002 0.027483552631578978 0.031233552631578954
07 0.09062290268456376 0.7093750000000001 0.11874580536912752 0.03624161073825494
03 0.47375 0.73375 0.034956896551724126 0.04745689655172414
00 0.524375 0.261875 0.04874444444444448 0.04624444444444445
06 0.463125 0.29875 0.031238095238095287 0.13248809523809527
03 0.755 0.7106250000000001 0.02749297752808988 0.04124297752808992
03 0.729375 0.366875 0.06874509803921569 0.09124509803921566
12 0.579375 0.3275 0.07370689655172413 0.06245689655172415
03 0.43625 0.34062499999999996 0.05997844827586202 0.021228448275862066
18 0.9475 0.4775 0.029886363636363766 0.0323863636363636
03 0.5 0.676875 0.04498579545454545 0.01873579545454529
06 0.61375 0.390625 0.03246951219512195 0.128719512195122
04 0.745 0.65125 0.039982142857142744 0.03498214285714285
11 0.31937499999999996 0.791875 0.04373750000000004 0.03623749999999992
