20 0.714375 0.115625 0.06873355263157888 0.04373355263157892
14 0.73375 0.17125 0.12249161073825499 0.04249161073825505
11 0.798125 0.78 0.07120689655172407 0.06245689655172415
01 0.34750000000000003 0.7481249999999999 0.0399944444444445 0.02874444444444435
20 0.5075 0.894375 0.042488095238095214 0.048738095238095136
18 0.294375 0.3325 0.04874297752808987 0.049992977528089844
03 0.7025 0.766875 0.15499509803921563 0.07124509803921564
10 0.686875 0.0875 0.0387068965517241 0.03245689655172414
05 0.7849999999999999 0.129375 0.03747844827586222 0.09122844827586206
13 0.675625 0.6431250000000001 0.17613636363636376 0.09863636363636363
15 0.525625 0.516875 0.1337357954545455 0.08623579545454552
04 0.25375000000000003 0.56375 0.07496951219512199 0.05496951219512203
02 0.34750000000000003 0.193125 0.062482142857142875 0.13123214285714283
06 0.921878125 0.809375 0.12624375 0.22873749999999993
