01 0.89 0.09875 0.03248355263157898 0.022483552631578932
18 0.6793750000000001 0.9081250000000001 0.038741610738254884 0.04124161073825483
11 0.388125 0.50125 0.06370689655172412 0.04745689655172408
03 0.25125 0.255625 0.0824944444444444 0.06874444444444444
11 0.7581249999999999 0.19875 0.06373809523809515 0.049988095238095276
11 0.27937500000000004 0.30374999999999996 0.05124297752808987 0.05749297752808985
03 0.871875 0.42562500000000003 0.0987450980392156 0.06624509803921569
20 0.681875 0.27937500000000004 0.04870689655172411 0.0362068965517241
20 0.92 0.6312500000000001 0.05247844827586223 0.04247844827586211
15 0.179375 0.333125 0.06363636363636366 0.05363636363636365
03 0.510625 0.75625 0.046235795454545425 0.07748579545454537
