18 0.47562499999999996 0.87625 0.018733552631578887 0.019983552631578916
03 0.059375000000000004 0.69625 0.036241610738255034 0.014991610738254946
13 0.7656142241379311 0.046875 0.08622844827586207 0.041206896551724145
20 0.865625 0.234375 0.031244444444444408 0.031244444444444408
04 0.188125 0.91625 0.038738095238095266 0.02998809523809509
03 0.52625 0.125625 0.03499297752808994 0.033742977528089885
03 0.521875 0.186875 0.0162450980392157 0.03374509803921569
11 0.605 0.808125 0.032456896551724124 0.0237068965517242
09 0.374375 0.87 0.031228448275862075 0.032478448275862215
15 0.013125 0.21500000000000002 0.011136363636363635 0.017386363636363672
18 0.6268750000000001 0.6681250000000001 0.0187357954545454 0.021235795454545348
03 0.068125 0.676875 0.02371951219512195 0.028719512195122032
13 0.079375 0.731875 0.038732142857142854 0.033732142857142766
