20 0.268125 0.860625 0.03123355263157901 0.023733552631578947
14 0.735 0.20625 0.01999161073825495 0.03999161073825505
15 0.765 0.440625 0.03495689655172418 0.0337068965517241
03 0.24375000000000002 0.708125 0.019994444444444454 0.0212444444444444
08 0.36124999999999996 0.531875 0.024988095238095254 0.02873809523809534
03 0.45625 0.459375 0.012492977528089866 0.05124297752808987
04 0.7125 0.17625000000000002 0.02999509803921563 0.024995098039215707
00 0.830625 0.08875 0.026206896551724035 0.022456896551724143
06 0.776875 0.168125 0.01372844827586217 0.028728448275862073
03 0.734375 0.5487500000000001 0.05613636363636365 0.03488636363636355
09 0.408125 0.393125 0.031235795454545467 0.041235795454545476
20 0.7418750000000001 0.809375 0.023719512195122028 0.023719512195122028
