13 0.30750411184210524 0.245 0.062491776315789505 0.03498355263157896
14 0.621875 0.590625 0.04374161073825489 0.04124161073825505
07 0.318125 0.655 0.06120689655172412 0.08245689655172417
20 0.6281249999999999 0.9275 0.031244444444444408 0.029994444444444435
18 0.040625 0.44 0.031238095238095235 0.03248809523809526
12 0.81125 0.353125 0.0474929775280899 0.06624297752808989
04 0.37375 0.73125 0.03499509803921569 0.03499509803921563
04 0.19687500000000002 0.045 0.03870689655172413 0.02745689655172414
03 0.398125 0.88125 0.036228448275862024 0.014978448275862144
14 0.49187499999999995 0.34375 0.02613636363636357 0.03988636363636355
