02 0.44937499999999997 0.416875 0.028733552631578896 0.07373355263157888
07 0.41500000000000004 0.095 0.07999161073825506 0.10749161073825503
04 0.420625 0.688125 0.05120689655172411 0.05120689655172406
06 0.47187500000000004 0.476875 0.056244444444444486 0.15624444444444452
20 0.75125 0.9493750000000001 0.037488095238095154 0.03623809523809507
18 0.76125 0.531875 0.032492977528089884 0.036242977528089915
06 0.687498774509804 0.448125 0.03499754901960783 0.05374509803921568
01 0.965625 0.84875 0.028706896551724204 0.02745689655172412
11 0.029375 0.178125 0.04872844827586206 0.03622844827586208
03 0.768125 0.9356249999999999 0.06863636363636372 0.04613636363636375
13 0.49750000000000005 0.31875 0.042485795454545505 0.08748579545454543
20 0.511875 0.35750000000000004 0.05121951219512194 0.04996951219512197
04 0.701875 0.828125 0.04873214285714278 0.036232142857142824
