06 0.5831249999999999 0.655625 0.0937335526315789 0.08623355263157895
02 0.92375 0.5700000000000001 0.042491610738254915 0.04999161073825509
06 0.7206250000000001 0.785625 0.07120689655172419 0.04870689655172411
08 0.40875 0.806875 0.012494444444444475 0.05374444444444437
03 0.598125 0.793125 0.041238095238095296 0.02623809523809517
06 0.26937500000000003 0.21687499999999998 0.04624297752808987 0.10124297752808983
12 0.576875 0.4 0.04874509803921567 0.03749509803921569
03 0.170625 0.0725 0.03370689655172415 0.02745689655172414
14 0.34750000000000003 0.499375 0.03247844827586205 0.05372844827586204
20 0.69375 0.78 0.019886363636363757 0.014886363636363753
03 0.7275 0.048125 0.03248579545454533 0.041235795454545456
