06 0.181875 0.819375 0.056233552631578976 0.06373355263157887
14 0.7506250000000001 0.065 0.038741610738254884 0.027491610738255026
11 0.1925 0.398125 0.024956896551724117 0.023706896551724088
02 0.750625 0.7075 0.0212444444444444 0.04499444444444434
02 0.14250000000000002 0.848125 0.009988095238095213 0.023738095238095114
20 0.35250000000000004 0.776875 0.019992977528089872 0.02124297752808979
05 0.746875 0.1375 0.013745098039215642 0.0324950980392157
14 0.338135775862069 0.905 0.04622844827586209 0.024956896551724173
08 0.254375 0.62375 0.03622844827586205 0.019978448275862037
00 0.5162500000000001 0.403125 0.0323863636363636 0.023636363636363567
03 0.5956250000000001 0.7725 0.03623579545454547 0.027485795454545325
