03 0.44 0.12 0.019983552631578916 0.03498355263157893
08 0.479375 0.93875 0.02624161073825504 0.024991610738254955
11 0.333125 0.735625 0.023706896551724088 0.018706896551724084
20 0.19 0.133125 0.017494444444444424 0.01624444444444445
20 0.64375 0.5675 0.02248809523809514 0.024988095238095198
03 0.7725 0.349375 0.014992977528089813 0.01374297752808984
04 0.463125 0.7168749999999999 0.023745098039215706 0.02374509803921565
08 0.726885775862069 0.271875 0.01372844827586206 0.021206896551724086
03 0.123125 0.2875 0.03372844827586205 0.02247844827586204
02 0.20124999999999998 0.913125 0.03988636363636369 0.02113636363636373
03 0.974375 0.294375 0.021235795454545237 0.026235795454545463
07 0.22749999999999998 0.07125000000000001 0.029969512195121978 0.03746951219512194
