19 0.369375 0.743125 0.013733552631578938 0.018733552631578942
12 0.32999999999999996 0.8600000000000001 0.03499161073825502 0.0274916107382549
20 0.640625 0.9456249999999999 0.02120689655172403 0.023706896551724088
09 0.525 0.578125 0.039994444444444444 0.036244444444444524
06 0.600625 0.95625 0.033738095238095234 0.06748809523809507
20 0.858125 0.23249999999999998 0.026242977528089906 0.02499297752808985
07 0.9412512254901961 0.53 0.032497549019607885 0.007495098039215664
02 0.2825 0.615 0.024956896551724117 0.032456896551724124
03 0.218125 0.1275 0.01622844827586209 0.05997844827586207
06 0.6300000000000001 0.385625 0.05238636363636362 0.05113636363636359
14 0.210625 0.195 0.016235795454545454 0.019985795454545457
15 0.670625 0.049375 0.018719512195122023 0.04621951219512195
06 0.15437499999999998 0.27437500000000004 0.08373214285714285 0.03373214285714282
