03 0.6375 0.385625 0.07998355263157897 0.08373355263157889
18 0.86 0.7450000000000001 0.03499161073825485 0.03749161073825491
14 0.880625 0.256875 0.07120689655172407 0.07370689655172416
08 0.93625 0.060000000000000005 0.03499444444444433 0.08499444444444446
14 0.368125 0.3125 0.021238095238095278 0.11998809523809528
03 0.961875 0.9081250000000001 0.026242977528089795 0.053742977528089875
14 0.294375 0.405 0.018745098039215646 0.047495098039215644
03 0.76 0.615625 0.024956896551724173 0.036206896551724155
07 0.249375 0.87375 0.20872844827586204 0.11997844827586224
10 0.85375 0.4575 0.047386363636363726 0.04238636363636361
