11 0.7825 0.36 0.05248355263157889 0.03998355263157888
08 0.580625 0.37937290268456375 0.08124161073825509 0.058745805369127546
03 0.315 0.08187499999999999 0.032456896551724124 0.09370689655172412
05 0.21000000000000002 0.61625 0.062494444444444436 0.0524944444444444
00 0.058124999999999996 0.22562500000000002 0.05873809523809523 0.036238095238095264
20 0.495 0.901875 0.029992977528089826 0.02124297752808979
14 0.6956249999999999 0.651875 0.036245098039215606 0.08624509803921576
03 0.485 0.32125000000000004 0.039956896551724075 0.07745689655172411
20 0.6268750000000001 0.093125 0.046228448275862144 0.04872844827586206
06 0.0925 0.275 0.14988636363636365 0.039886363636363664
18 0.5531250000000001 0.45875 0.03623579545454547 0.037485795454545445
