06 0.799375 0.518125 0.02873355263157895 0.01123355263157888
11 0.193125 0.3125 0.02874161073825504 0.022491610738255008
13 0.870625 0.479375 0.026206896551724146 0.04870689655172411
03 0.11 0.920625 0.024994444444444458 0.013744444444444337
13 0.7175 0.339375 0.05248809523809517 0.056238095238095254
08 0.644375 0.5825 0.016242977528089897 0.01749297752808987
11 0.86875 0.338125 0.027495098039215682 0.021245098039215704
03 0.09125 0.308125 0.014956896551724136 0.03870689655172416
01 0.738125 0.4175 0.021228448275862233 0.02247844827586204
03 0.50125 0.494375 0.01738636363636359 0.03613636363636363
06 0.47562499999999996 0.490625 0.013735795454545452 0.07373579545454545
14 0.3125 0.405 0.014969512195121992 0.03246951219512201
06 0.6356294642857143 0.25375000000000003 0.021241071428571456 0.04748214285714286
13 0.5943750000000001 0.8025 0.026237500000000025 0.09748749999999995
