11 0.843125 0.89875 0.023733552631578947 0.014983552631578911
10 0.74 0.07187500000000001 0.02999161073825496 0.02124161073825504
00 0.9456249999999999 0.865 0.026206896551724035 0.024956896551724173
00 0.92875 0.901875 0.019994444444444315 0.016244444444444284
10 0.54125 0.535625 0.02248809523809525 0.021238095238095278
03 0.6893750000000001 0.40125 0.0212429775280899 0.02749297752808988
03 0.056875 0.379375 0.04374509803921568 0.03624509803921566
03 0.47375 0.09 0.02995689655172412 0.027456896551724147
20 0.065625 0.6993750000000001 0.01622844827586207 0.01622844827586223
03 0.6375 0.020624999999999998 0.029886363636363655 0.018636363636363635
10 0.12125 0.971875 0.01748579545454547 0.013735795454545285
06 0.489375 0.030625 0.023719512195121972 0.01371951219512195
