20 0.9275 0.466875 0.03248355263157898 0.026233552631578894
03 0.43 0.09 0.027491610738255012 0.03499161073825503
13 0.7987500000000001 0.529375 0.02495689655172406 0.11120689655172417
06 0.663125 0.063125 0.11874444444444432 0.018744444444444446
01 0.65875 0.436875 0.017488095238095025 0.018738095238095276
08 0.435 0.27125 0.012492977528089866 0.06499297752808986
20 0.33562499999999995 0.80375 0.013745098039215697 0.014995098039215726
00 0.5675 0.09375 0.03495689655172418 0.022456896551724115
07 0.295 0.214375 0.05997844827586207 0.09372844827586208
01 0.515625 0.0575 0.026136363636363624 0.02988636363636364
20 0.068125 0.515625 0.03373579545454546 0.02123579545454546
