06 0.6181291118421053 0.399375 0.06874177631578937 0.026233552631578894
10 0.165625 0.065 0.023741610738255037 0.014991610738255029
12 0.46625 0.226875 0.029956896551724177 0.05120689655172414
10 0.774375 0.3425 0.01874444444444434 0.017494444444444535
18 0.058125 0.21875 0.018738095238095234 0.01998809523809525
03 0.514375 0.590625 0.018742977528089844 0.07124297752808983
10 0.2575 0.8025 0.027495098039215682 0.02999509803921563
14 0.81125 0.35250000000000004 0.03745689655172413 0.017456896551724166
09 0.815 0.7731250000000001 0.02747844827586221 0.021228448275862122
03 0.042499999999999996 0.618125 0.04238636363636363 0.043636363636363584
02 0.5856250000000001 0.9356249999999999 0.07873579545454545 0.031235795454545356
05 0.80125 0.8456250000000001 0.027469512195121948 0.018719512195121912
