10 0.43125 0.504375 0.0649835526315789 0.05873355263157892
18 0.881875 0.563125 0.02374161073825487 0.02624161073825504
11 0.263125 0.40875 0.04120689655172413 0.049956896551724084
01 0.13624999999999998 0.9575 0.019994444444444454 0.019994444444444426
15 0.20500000000000002 0.1925 0.019988095238095277 0.024988095238095254
18 0.028124999999999997 0.058125 0.026242977528089885 0.028742977528089894
12 0.903125 0.290625 0.04124509803921572 0.043745098039215724
09 0.365 0.8118749999999999 0.044956896551724135 0.03120689655172415
15 0.9862500000000001 0.784375 0.01997844827586215 0.0487284482758622
08 0.48750000000000004 0.153125 0.03988636363636361 0.05863636363636365
12 0.393125 0.45375 0.04873579545454543 0.049985795454545456
00 0.825625 0.88875 0.051219512195121886 0.03246951219512195
06 0.5862499999999999 0.9137500000000001 0.03248214285714279 0.06248214285714282
08 0.468125 0.07375000000000001 0.04873749999999999 0.057487500000000004
