19 0.415625 0.65125 0.011233552631578936 0.014983552631578911
13 0.07375000000000001 0.875 0.05999161073825505 0.027491610738255012
14 0.819375 0.33187500000000003 0.011206896551724133 0.021206896551724086
08 0.021875 0.0725 0.013744444444444445 0.017494444444444424
00 0.684375 0.838125 0.021238095238095167 0.023738095238095114
10 0.8362499999999999 0.575 0.01749297752808976 0.01749297752808987
03 0.693125 0.82125 0.028745098039215655 0.02999509803921574
03 0.925625 0.280625 0.018706896551724084 0.0387068965517241
12 0.32625 0.79125 0.024978448275862042 0.02747844827586221
03 0.485 0.9393750000000001 0.014886363636363587 0.028636363636363682
08 0.6343749999999999 0.9149964488636364 0.031235795454545356 0.022492897727272587
