01 0.506875 0.551875 0.013733552631578938 0.013733552631578938
06 0.770625 0.11624999999999999 0.028741610738254986 0.017491610738255045
02 0.28312499999999996 0.24312499999999998 0.03870689655172416 0.046206896551724136
06 0.9137500000000001 0.74875 0.07749444444444442 0.0674944444444443
14 0.80875 0.715625 0.06998809523809513 0.04373809523809513
15 0.9212499999999999 0.104375 0.04499297752808984 0.033742977528089885
06 0.1 0.21500000000000002 0.09249509803921568 0.06499509803921569
06 0.538125 0.12937500000000002 0.02120689655172414 0.033706896551724125
20 0.505625 0.864375 0.03122844827586202 0.026228448275862126
18 0.070625 0.56375 0.01863636363636363 0.022386363636363593
11 0.334375 0.893125 0.026235795454545463 0.021235795454545348
04 0.61375 0.524375 0.029969512195122006 0.023719512195122028
08 0.339375 0.06 0.01873214285714281 0.017482142857142856
