07 0.19687500000000002 0.431875 0.023733552631578975 0.061233552631578925
11 0.339375 0.8787499999999999 0.05124161073825506 0.03999161073825486
04 0.35125 0.47250000000000003 0.05245689655172414 0.054956896551724144
03 0.963125 0.576875 0.033744444444444355 0.10124444444444447
07 0.64625 0.851875 0.06748809523809518 0.028738095238095118
04 0.9575 0.84625 0.049992977528089844 0.049992977528089955
01 0.6924999999999999 0.426875 0.032495098039215686 0.021245098039215704
03 0.07375 0.11374999999999999 0.03995689655172414 0.11245689655172414
20 0.55 0.420625 0.037478448275862 0.02622844827586207
00 0.12 0.43374999999999997 0.057386363636363624 0.052386363636363564
