18 0.609375 0.093125 0.011233552631578991 0.013733552631578938
20 0.8625 0.29625 0.014991610738254946 0.014991610738255057
00 0.521875 0.404375 0.018706896551724084 0.016206896551724137
03 0.664376388888889 0.500625 0.013747222222222244 0.016244444444444506
08 0.6581220238095238 0.928125 0.02374404761904758 0.02623809523809517
03 0.8368767556179775 0.9612499999999999 0.021246488764045002 0.027492977528089768
07 0.200625 0.106875 0.008745098039215693 0.026245098039215695
03 0.5975 0.6487499999999999 0.01745689655172411 0.04495689655172408
09 0.24312499999999998 0.451875 0.018728448275862036 0.018728448275862064
10 0.17752840909090908 0.704375 0.01744318181818183 0.01363636363636378
08 0.31 0.068125 0.012485795454545423 0.01123579545454545
03 0.62125 0.70625 0.019969512195121997 0.024969512195122
08 0.034999999999999996 0.638125 0.014982142857142857 0.018732142857142864
20 0.17875000000000002 0.166875 0.02248750000000002 0.016237500000000016
