11 0.350625 0.34875 0.031233552631578898 0.029983552631578925
18 0.565 0.148125 0.022491610738255008 0.023741610738255037
20 0.201875 0.771875 0.028706896551724148 0.026206896551724146
20 0.5393749999999999 0.32437499999999997 0.026244444444444404 0.02624444444444446
03 0.8843749999999999 0.1975 0.011238095238095158 0.03998809523809527
08 0.334375 0.29437500000000005 0.05124297752808987 0.031242977528089855
04 0.946875 0.106875 0.03624509803921572 0.031245098039215685
11 0.69875 0.77125 0.03495689655172418 0.019956896551724057
10 0.76125 0.656875 0.02747844827586221 0.026228448275862126
08 0.651875 0.1825 0.018636363636363784 0.03738636363636366
20 0.47562499999999996 0.275625 0.013735795454545452 0.016235795454545454
