06 0.5543750000000001 0.80375 0.10123355263157896 0.09748355263157893
04 0.745625 0.448125 0.05124161073825495 0.033741610738255046
20 0.90875 0.919375 0.01745689655172422 0.016206896551724026
20 0.725 0.525625 0.04249444444444439 0.043744444444444586
03 0.72875 0.339375 0.04248809523809505 0.038738095238095294
06 0.545625 0.141875 0.04124297752808981 0.0187429775280899
01 0.855625 0.97875 0.03624509803921572 0.03749509803921569
10 0.85875 0.653125 0.024956896551724173 0.026206896551724146
01 0.080625 0.19187500000000002 0.051228448275862065 0.04872844827586206
14 0.944375 0.605 0.053636363636363704 0.047386363636363615
08 0.45125000000000004 0.08937144886363638 0.06998579545454547 0.04624289772727273
03 0.75125 0.37 0.05496951219512203 0.05496951219512197
09 0.17312499999999997 0.49875 0.051232142857142865 0.05748214285714287
