03 0.151875 0.228125 0.05623355263157896 0.03873355263157896
08 0.6543749999999999 0.345 0.05124161073825495 0.0624916107382551
08 0.66625 0.030625000000000003 0.049956896551724084 0.05120689655172414
09 0.568125 0.40875 0.043744444444444586 0.06499444444444447
03 0.600625 0.6199999999999999 0.01873809523809522 0.062488095238095176
03 0.544375 0.3175 0.016242977528089786 0.03749297752808989
06 0.580625 0.891875 0.03375000000000006 0.08874509803921571
08 0.96375 0.21375 0.06745689655172415 0.034956896551724126
09 0.02375 0.956875 0.027478448275862072 0.03372844827586219
03 0.254375 0.6912499999999999 0.05863636363636365 0.03488636363636377
