03 0.6481250000000001 0.61375 0.05873355263157898 0.08498355263157897
06 0.4775 0.16749999999999998 0.08249161073825506 0.07749161073825503
19 0.33125000000000004 0.7893749999999999 0.034956896551724126 0.03870689655172421
02 0.195 0.5237499999999999 0.04249444444444442 0.03499444444444444
08 0.4275 0.078125 0.06498809523809523 0.03123809523809523
12 0.34625 0.079375 0.07499297752808987 0.058742977528089886
04 0.334375 0.306875 0.03874509803921572 0.031245098039215713
16 0.0725 0.6312500000000001 0.04245689655172413 0.05495689655172409
08 0.856875 0.02811961206896552 0.028728448275862184 0.023739224137931038
09 0.298125 0.565625 0.048636363636363644 0.026136363636363513
02 0.47875 0.550625 0.0474857954545454 0.031235795454545467
