03 0.89375 0.5293749999999999 0.01748355263157897 0.023733552631578836
04 0.6875 0.2825 0.017491610738255003 0.014991610738255001
18 0.275625 0.676875 0.011206896551724133 0.01370689655172419
08 0.485625 0.919375 0.023744444444444512 0.023744444444444457
00 0.6331249999999999 0.385625 0.021238095238095167 0.018738095238095276
06 0.613125 0.934375 0.05874297752808988 0.03374297752808986
05 0.903125 0.965625 0.018745098039215757 0.018745098039215757
09 0.16499999999999998 0.62875 0.012456896551724134 0.024956896551724173
15 0.76 0.04375 0.032478448275862215 0.019978448275862065
15 0.94 0.52625 0.0173863636363637 0.012386363636363695
03 0.16875 0.46875 0.017485795454545455 0.019985795454545485
07 0.59625 0.754375 0.00746951219512193 0.023719512195121917
00 0.23562499999999997 0.70875 0.016232142857142834 0.01748214285714278
00 0.7418750000000001 0.835 0.018737499999999963 0.012487499999999985
