01 0.16875 0.176875 0.027483552631578978 0.02873355263157898
02 0.265625 0.415625 0.08374161073825503 0.08624161073825504
14 0.14 0.66625 0.03245689655172414 0.039956896551724075
15 0.9456249999999999 0.08687500000000001 0.03624444444444441 0.038744444444444456
03 0.254375 0.243125 0.06123809523809526 0.028738095238095285
01 0.74125 0.195 0.02499297752808982 0.02499297752808985
03 0.9181250000000001 0.868125 0.031245098039215713 0.038745098039215664
04 0.653125 0.28 0.03870689655172421 0.02995689655172412
01 0.37124999999999997 0.21125 0.027478448275862044 0.022478448275862067
06 0.32125 0.64875 0.13988636363636364 0.04488636363636367
10 0.515 0.099375 0.03248579545454544 0.028735795454545465
20 0.7831250000000001 0.225625 0.023719512195122028 0.02121951219512197
03 0.860625 0.48250000000000004 0.07623214285714286 0.03248214285714285
