15 0.425 0.7281249999999999 0.029983552631578925 0.051233552631578916
06 0.8906270973154362 0.33375 0.058745805369127546 0.012491610738255055
03 0.541875 0.388125 0.0387068965517241 0.02120689655172414
06 0.13625 0.28875000000000006 0.0024944444444444658 0.06749444444444447
03 0.41500000000000004 0.6012500000000001 0.049988095238095276 0.04498809523809533
08 0.5412482443820226 0.39 0.03499648876404493 0.03249297752808983
03 0.4825 0.23500000000000001 0.027495098039215682 0.0499950980392157
01 0.9775 0.75875 0.022456896551724115 0.022456896551724115
07 0.954375 0.19874999999999998 0.06122844827586216 0.03497844827586208
03 0.245 0.24625 0.032386363636363685 0.03238636363636366
09 0.0475 0.8356250000000001 0.039985795454545454 0.041235795454545365
00 0.32875 0.49750000000000005 0.022469512195122 0.022469512195122
