06 0.4562541118421053 0.45625 0.057491776315789445 0.03248355263157887
03 0.25375 0.4375 0.019991610738255033 0.042491610738255026
01 0.45375 0.50375 0.019956896551724113 0.014956896551724164
04 0.333125 0.47875 0.02624444444444446 0.01999444444444448
15 0.545625 0.8675 0.023738095238095225 0.017488095238095136
10 0.811875 0.115 0.026242977528089906 0.024992977528089905
02 0.46562499999999996 0.460625 0.05624509803921568 0.06874509803921569
11 0.473125 0.3275 0.041206896551724104 0.019956896551724113
13 0.8412553879310345 0.215 0.07498922413793119 0.027478448275862044
18 0.13124999999999998 0.7362500000000001 0.024886363636363623 0.02738636363636371
