08 0.1175 0.04375 0.04998355263157893 0.01998355263157895
08 0.8362499999999999 0.75125 0.05499161073825498 0.022491610738254897
13 0.6174999999999999 0.7268749999999999 0.029956896551724177 0.04120689655172416
10 0.745625 0.681875 0.01874444444444434 0.0212444444444444
07 0.44437499999999996 0.7068749999999999 0.06623809523809526 0.031238095238095176
18 0.840625 0.54 0.016242977528089786 0.01749297752808987
11 0.908125 0.57125 0.02624509803921571 0.022495098039215677
20 0.683125 0.31562500000000004 0.02120689655172414 0.023706896551724144
03 0.981875 0.759375 0.03122844827586213 0.021228448275862233
03 0.33375 0.9143749999999999 0.024886363636363595 0.018636363636363673
03 0.405625 0.774375 0.038735795454545474 0.023735795454545294
06 0.7475 0.933125 0.00746951219512193 0.04121951219512199
03 0.37375 0.096875 0.04998214285714281 0.028732142857142873
18 0.05437500000000001 0.178125 0.018737499999999997 0.02123750000000002
