03 0.41312499999999996 0.834375 0.04373355263157891 0.023733552631578947
06 0.875 0.9 0.02999161073825496 0.012491610738254888
19 0.9293750000000001 0.25 0.026206896551724035 0.02745689655172412
03 0.411875 0.13125 0.05124444444444448 0.04249444444444446
10 0.255625 0.934375 0.028738095238095285 0.023738095238095114
19 0.6956249999999999 0.66125 0.03124297752808991 0.014992977528089924
09 0.52625 0.5125 0.02999509803921563 0.017495098039215673
20 0.2625 0.948125 0.022456896551724115 0.0237068965517242
14 0.791875 0.36124999999999996 0.03372844827586219 0.03247844827586205
15 0.983125 0.245625 0.011136363636363722 0.01613636363636367
03 0.2425 0.8743749999999999 0.012485795454545479 0.05373579545454532
10 0.28500000000000003 0.87 0.022469512195122 0.02496951219512189
01 0.26 0.528125 0.017482142857142835 0.011232142857142802
