03 0.789375 0.79375 0.0362335526315789 0.039983552631578934
06 0.26687709731543624 0.793125 0.0362458053691275 0.04374161073825489
16 0.42375 0.689375 0.03745689655172413 0.036206896551724155
13 0.54375 0.669375 0.047494444444444506 0.041244444444444306
11 0.499375 0.925625 0.02873809523809534 0.01873809523809511
10 0.03625 0.761875 0.022492977528089885 0.018742977528089844
13 0.510625 0.59125 0.051245098039215675 0.06999509803921578
06 0.9618857758620689 0.794375 0.026228448275862015 0.018706896551724195
08 0.464375 0.9693750000000001 0.02622844827586207 0.01622844827586223
07 0.8574999999999999 0.338125 0.0173863636363637 0.02863636363636357
11 0.128125 0.513125 0.02623579545454545 0.016235795454545454
13 0.055625 0.154375 0.04371951219512195 0.09371951219512198
06 0.270625 0.978125 0.061232142857142846 0.043732142857142886
