03 0.4 0.406875 0.0699835526315789 0.031233552631578898
06 0.48062499999999997 0.915625 0.05374161073825506 0.04374161073825489
06 0.525625 0.69625 0.01370689655172419 0.09745689655172407
10 0.514375 0.24062499999999998 0.031244444444444464 0.028744444444444434
10 0.2425 0.285625 0.039988095238095295 0.028738095238095285
08 0.72125 0.3925 0.014992977528089813 0.04499297752808984
06 0.92625 0.255 0.06999509803921566 0.12499509803921571
11 0.729375 0.47 0.04370689655172422 0.034956896551724126
00 0.774375 0.8006249999999999 0.0437284482758622 0.03872844827586219
03 0.076875 0.74375 0.03613636363636363 0.08238636363636376
