03 0.18062499999999998 0.0725 0.02873355263157898 0.04998355263157894
06 0.42875 0.8924979026845636 0.06249161073825504 0.019995805369127484
13 0.7112499999999999 0.850625 0.07245689655172416 0.08870689655172415
01 0.32562500000000005 0.641875 0.01624444444444445 0.016244444444444506
06 0.44937499999999997 0.0875 0.018738095238095276 0.08998809523809524
09 0.735625 0.235625 0.018742977528089844 0.02624297752808985
11 0.803125 0.045625 0.038745098039215664 0.03624509803921569
08 0.9275 0.1775 0.01745689655172411 0.04245689655172413
06 0.325 0.925 0.014978448275862033 0.09247844827586216
14 0.219375 0.598125 0.026136363636363652 0.043636363636363584
03 0.4225 0.4475 0.04248579545454545 0.012485795454545479
20 0.47125 0.07500000000000001 0.01746951219512194 0.012469512195121948
10 0.7375 0.23812499999999998 0.022482142857142784 0.02123214285714284
