01 0.371875 0.889375 0.02123355263157889 0.013733552631578938
17 0.678125 0.7825 0.02374161073825487 0.0274916107382549
02 0.6912499999999999 0.13936422413793104 0.04245689655172413 0.016228448275862062
03 0.23812500000000003 0.953125 0.03624444444444444 0.0362444444444443
11 0.919375 0.9043749999999999 0.021238095238095167 0.021238095238095167
00 0.5543750000000001 0.985625 0.0212429775280899 0.018742977528089844
09 0.33375 0.47 0.03499509803921569 0.03249509803921574
06 0.59125 0.621875 0.019956896551724168 0.01370689655172408
20 0.25625 0.11499999999999999 0.007478448275862026 0.00997844827586207
04 0.89125 0.08625 0.022386363636363704 0.024886363636363637
03 0.43125 0.9606250000000001 0.017485795454545483 0.05373579545454532
08 0.675 0.854375 0.0399695121951219 0.018719512195122023
