03 0.924375 0.746875 0.023733552631578836 0.051233552631578916
08 0.88 0.821875 0.022491610738254897 0.05124161073825495
11 0.9475 0.7175 0.02745689655172412 0.024956896551724173
15 0.6256249999999999 0.1375 0.0787444444444444 0.019994444444444454
20 0.065 0.19437500000000002 0.029988095238095237 0.026238095238095255
03 0.0925 0.61375 0.017492977528089898 0.022492977528089875
13 0.08499999999999999 0.565625 0.044995098039215684 0.04124509803921572
03 0.10250000000000001 0.7275 0.029956896551724135 0.032456896551724124
07 0.77125 0.526875 0.08747844827586215 0.053728448275862095
01 0.835625 0.7462500000000001 0.02113636363636373 0.024886363636363762
06 0.974375 0.7931250000000001 0.03873579545454531 0.06373579545454533
13 0.09625 0.74625 0.07496951219512193 0.08496951219512194
