08 0.518125 0.6581250000000001 0.02873355263157895 0.018733552631578942
15 0.903125 0.9512499999999999 0.018741610738254866 0.03999161073825486
03 0.746875 0.2975 0.028706896551724204 0.019956896551724113
04 0.07125000000000001 0.756875 0.022494444444444456 0.023744444444444346
08 0.063125 0.84625 0.02123809523809523 0.03248809523809515
02 0.27 0.086875 0.04499297752808987 0.03624297752808989
15 0.974375 0.4062487745098039 0.011245098039215695 0.019997549019607874
03 0.369375 0.4725 0.01870689655172414 0.032456896551724124
03 0.40625 0.569375 0.03497844827586205 0.03872844827586208
02 0.6000000000000001 0.831875 0.009886363636363638 0.02113636363636373
02 0.610625 0.233125 0.026235795454545463 0.038735795454545474
10 0.936875 0.950625 0.02121951219512197 0.016219512195121966
