18 0.075 0.6950000000000001 0.024983552631578948 0.027483552631578978
14 0.613125 0.8206249999999999 0.03624161073825505 0.046241610738254946
05 0.555010775862069 0.88 0.02747844827586199 0.03495689655172418
08 0.9137500000000001 0.713125 0.02499444444444443 0.05624444444444432
20 0.208125 0.22875 0.03373809523809526 0.02498809523809528
01 0.1175 0.7093750000000001 0.02999297752808988 0.023742977528089848
08 0.171875 0.08125 0.023745098039215706 0.03499509803921569
08 0.04625 0.5706249999999999 0.01995689655172414 0.03870689655172421
20 0.05625 0.900625 0.03247844827586206 0.021228448275862233
12 0.5662499999999999 0.6175 0.0323863636363636 0.06488636363636369
05 0.845 0.159375 0.027485795454545325 0.04373579545454545
