18 0.869375 0.915625 0.023733552631578947 0.026233552631578894
03 0.98 0.128125 0.017491610738254892 0.06624161073825505
05 0.7168749999999999 0.139375 0.02120689655172414 0.03620689655172414
20 0.875 0.60625 0.027494444444444266 0.022494444444444484
19 0.233125 0.748125 0.03373809523809529 0.01873809523809511
15 0.8368767556179776 0.26437499999999997 0.008746488764044935 0.03374297752808983
08 0.600625 0.188125 0.03624509803921572 0.03624509803921569
00 0.50375 0.7112499999999999 0.027456896551724175 0.02495689655172406
03 0.076875 0.83125 0.031228448275862068 0.0174784482758622
03 0.50875 0.579375 0.01738636363636359 0.033636363636363575
05 0.17625000000000002 0.348125 0.019985795454545457 0.041235795454545476
01 0.110625 0.123125 0.016219512195121938 0.013719512195121936
11 0.446875 0.196875 0.031232142857142875 0.036232142857142824
