20 0.8049999999999999 0.498125 0.022483552631578863 0.02123355263157889
03 0.42874999999999996 0.111875 0.04999161073825503 0.02374161073825505
03 0.918125 0.364375 0.0387068965517241 0.046206896551724164
04 0.9025 0.479375 0.03249444444444438 0.02124444444444451
03 0.61625 0.801875 0.03248809523809526 0.06373809523809504
03 0.40625 0.44562500000000005 0.02499297752808982 0.031242977528089855
04 0.871875 0.15437499999999998 0.04374509803921567 0.02374509803921568
13 0.20124999999999998 0.48875 0.07995689655172414 0.06995689655172416
04 0.680625 0.308125 0.02372844827586218 0.028728448275862073
06 0.116875 0.605 0.031136363636363643 0.027386363636363598
15 0.51125 0.925625 0.044985795454545396 0.016235795454545343
19 0.9612499999999999 0.22749999999999998 0.024969512195122 0.01996951219512197
