08 0.6275 0.5668708881578948 0.0774835526315788 0.06124177631578942
14 0.2025 0.725 0.04999161073825506 0.09249161073825496
20 0.27749999999999997 0.95875 0.04745689655172408 0.039956896551724075
20 0.348125 0.39375000000000004 0.04624444444444448 0.02999444444444449
11 0.85625 0.45875 0.04248809523809516 0.04248809523809527
11 0.6837500000000001 0.08875 0.04249297752808989 0.04499297752808988
11 0.211875 0.159375 0.05874509803921568 0.03624509803921569
13 0.6875 0.64 0.07745689655172416 0.07745689655172416
08 0.713125 0.28625 0.028728448275862295 0.032478448275862104
08 0.065625 0.0775 0.05613636363636363 0.03238636363636363
09 0.229375 0.5025000000000001 0.02373579545454546 0.042485795454545505
11 0.193125 0.13124999999999998 0.046219512195121965 0.04746951219512194
11 0.41000000000000003 0.315 0.052482142857142866 0.039982142857142855
