01 0.68375 0.55 0.02498355263157892 0.022483552631578863
10 0.15999999999999998 0.6950000000000001 0.032491610738255045 0.024991610738254955
03 0.13624999999999998 0.62375 0.052456896551724114 0.029956896551724177
03 0.971875 0.97 0.04624444444444442 0.03249444444444438
01 0.755 0.8 0.04248809523809505 0.03748809523809504
03 0.72375 0.84375 0.04249297752808978 0.039992977528089835
09 0.5587500000000001 0.815 0.03999509803921575 0.042495098039215695
20 0.025625000000000002 0.1575 0.031206896551724136 0.024956896551724117
18 0.8731249999999999 0.641875 0.028728448275862184 0.03122844827586213
07 0.08875 0.085 0.06238636363636363 0.10988636363636364
10 0.49375 0.744375 0.024985795454545434 0.023735795454545405
