13 0.8812500000000001 0.410625 0.10498355263157888 0.038733552631578905
03 0.8768729026845637 0.7618750000000001 0.026245805369127462 0.038741610738254884
13 0.484375 0.1575 0.07370689655172408 0.11495689655172414
06 0.469375 0.028749999999999998 0.0687444444444445 0.02999444444444444
08 0.19187500000000002 0.49374999999999997 0.038738095238095266 0.027488095238095256
08 0.17999824438202247 0.24375 0.08999648876404492 0.07749297752808987
03 0.278125 0.709375 0.0162450980392157 0.04874509803921567
20 0.128125 0.4 0.021206896551724128 0.017456896551724166
11 0.6968749999999999 0.365 0.028728448275862184 0.024978448275862042
20 0.60875 0.50125 0.02488636363636365 0.02238636363636365
07 0.81625 0.5562499999999999 0.03998579545454528 0.0349857954545455
