14 0.19375 0.915625 0.034983552631578985 0.03873355263157885
18 0.79875 0.71 0.022491610738254897 0.024991610738254955
10 0.430625 0.434375 0.02120689655172414 0.02120689655172414
18 0.365 0.90375 0.01999444444444448 0.02249444444444426
10 0.473125 0.1575 0.028738095238095285 0.02248809523809525
12 0.10875 0.390625 0.032492977528089884 0.05624297752808982
20 0.330625 0.768125 0.021245098039215704 0.021245098039215704
04 0.84625 0.55375 0.02495689655172406 0.032456896551724124
02 0.030625 0.0775 0.02372844827586207 0.04747844827586206
09 0.58875 0.429375 0.027386363636363598 0.033636363636363575
02 0.7337499999999999 0.05875 0.04248579545454534 0.057485795454545456
03 0.911875 0.39 0.05371951219512194 0.03246951219512195
02 0.08812500000000001 0.19874999999999998 0.04623214285714286 0.03998214285714283
