08 0.195 0.655 0.027483552631578978 0.027483552631578867
18 0.09125 0.770625 0.02999161073825503 0.031241610738254932
03 0.244375 0.8725 0.05870689655172412 0.02495689655172406
20 0.52 0.175 0.02499444444444454 0.019994444444444426
07 0.053125 0.44437499999999996 0.041238095238095226 0.038738095238095294
20 0.17375 0.869375 0.02999297752808988 0.023742977528089848
13 0.8631249999999999 0.279375 0.1262450980392157 0.1862450980392157
12 0.371875 0.683125 0.09370689655172415 0.0337068965517241
20 0.14875 0.815 0.02497844827586207 0.022478448275862206
01 0.230625 0.768125 0.02613636363636368 0.02363636363636379
13 0.16062500000000002 0.49250000000000005 0.05373579545454546 0.08498579545454549
