06 0.395 0.874375 0.09748355263157887 0.04873355263157886
05 0.19562709731543623 0.704375 0.05124580536912754 0.028741610738254875
11 0.64 0.07875 0.039956896551724075 0.03995689655172414
15 0.811875 0.6256249999999999 0.051244444444444426 0.07624444444444445
13 0.770625 0.5718749999999999 0.10373809523809507 0.07873809523809527
06 0.9337500000000001 0.42125 0.02499297752808982 0.04749297752808984
06 0.6187499999999999 0.7418750000000001 0.1149950980392157 0.06124509803921574
19 0.74625 0.39875000000000005 0.03745689655172413 0.04995689655172414
15 0.11875 0.98875 0.017478448275862077 0.022478448275862206
09 0.729375 0.05875 0.03113636363636374 0.03988636363636363
16 0.416875 0.219375 0.04873579545454543 0.06373579545454544
18 0.064375 0.12 0.026219512195121947 0.029969512195121936
05 0.08687500000000001 0.48875 0.04373214285714286 0.027482142857142844
