20 0.08875 0.229375 0.05748355263157895 0.053733552631578974
08 0.415 0.29625 0.08249161073825506 0.11749161073825504
00 0.653125 0.80125 0.06870689655172413 0.04245689655172413
14 0.2275 0.1525 0.10499444444444445 0.07749444444444444
08 0.8243779761904763 0.600625 0.08624404761904758 0.08873809523809517
20 0.09812499999999999 0.7581249999999999 0.051242977528089886 0.04124297752808992
16 0.63375 0.6793750000000001 0.06499509803921566 0.10874509803921562
15 0.06687499999999999 0.21437499999999998 0.05620689655172413 0.026206896551724118
04 0.295 0.708125 0.06497844827586208 0.06872844827586211
19 0.10625 0.943125 0.08738636363636362 0.0386363636363638
