15 0.6525 0.021875 0.017483552631578858 0.028733552631578948
03 0.153125 0.79125 0.033741610738255046 0.04999161073825498
03 0.28500000000000003 0.84625 0.02245689655172417 0.0649568965517241
03 0.130625 0.7581249999999999 0.05624444444444446 0.07374444444444428
00 0.9099999999999999 0.190625 0.054988095238095114 0.048738095238095275
02 0.579375 0.5331250000000001 0.043742977528089866 0.053742977528089875
03 0.07687622549019607 0.239375 0.056247549019607844 0.021245098039215704
06 0.361875 0.5875 0.0387068965517241 0.04495689655172419
05 0.34125 0.951875 0.0274784482758621 0.07122844827586217
18 0.18 0.46125 0.03488636363636366 0.037386363636363606
