12 0.84 0.9 0.037483552631578876 0.047483552631578885
03 0.4225 0.3875 0.024991610738255066 0.03249161073825502
08 0.86125 0.20500000000000002 0.02745689655172412 0.024956896551724145
03 0.43374999999999997 0.909375 0.04999444444444451 0.013744444444444337
03 0.8175 0.67125 0.037488095238095154 0.01498809523809519
06 0.9443767556179776 0.41812499999999997 0.016246488764044886 0.05374297752808982
19 0.739375 0.29125 0.028745098039215655 0.017495098039215673
07 0.81125 0.351875 0.012456896551724106 0.04120689655172416
10 0.088125 0.5425 0.018728448275862064 0.01747844827586209
03 0.385625 0.360625 0.018636363636363562 0.023636363636363622
03 0.018125000000000002 0.576875 0.011235795454545458 0.031235795454545467
03 0.849375 0.27249999999999996 0.02121951219512197 0.04246951219512202
03 0.31437499999999996 0.11374999999999999 0.023732142857142813 0.012482142857142872
03 0.921875 0.47624999999999995 0.018737500000000074 0.0299875
