02 0.17125 0.9724999999999999 0.014983552631578995 0.039983552631578934
14 0.444375 0.953125 0.05124161073825506 0.03374161073825488
04 0.50125 0.266875 0.03245689655172418 0.021206896551724086
01 0.033125 0.89125 0.018744444444444442 0.01499444444444431
08 0.6325 0.5193749999999999 0.017488095238095136 0.013738095238095327
16 0.511875 0.30437499999999995 0.04624297752808987 0.031242977528089855
04 0.36124999999999996 0.076875 0.029995098039215684 0.028745098039215683
14 0.29125 0.693125 0.0649568965517241 0.036206896551724155
14 0.545625 0.713125 0.026228448275862015 0.04122844827586225
03 0.47940340909090906 0.974375 0.021193181818181805 0.028636363636363793
