19 0.7925 0.8712500000000001 0.04248355263157888 0.05248355263157889
01 0.548125 0.4275 0.043741610738255 0.03749161073825502
06 0.31937499999999996 0.134375 0.08120689655172414 0.10120689655172414
18 0.761875 0.264375 0.023744444444444346 0.02624444444444446
20 0.838125 0.3225 0.03623809523809518 0.027488095238095256
03 0.701875 0.546875 0.043742977528089866 0.08374297752808979
02 0.9025000000000001 0.46125000000000005 0.052495098039215704 0.03999509803921569
10 0.2225 0.9412499999999999 0.032456896551724124 0.019956896551724168
03 0.42125 0.38749999999999996 0.06747844827586208 0.03247844827586205
04 0.86 0.79375 0.03488636363636366 0.032386363636363824
03 0.9375035511363636 0.313125 0.06749289772727263 0.02123579545454546
01 0.501875 0.159375 0.031219512195121923 0.02871951219512195
09 0.723125 0.9450000000000001 0.0637321428571429 0.057482142857142926
10 0.416875 0.085 0.026237500000000025 0.024987499999999996
