03 0.909375 0.474375 0.033733552631578845 0.01123355263157888
06 0.48124999999999996 0.30000000000000004 0.027491610738255068 0.06999161073825505
15 0.86875 0.323125 0.057456896551724146 0.00870689655172413
19 0.5700000000000001 0.78625 0.014994444444444421 0.012494444444444364
05 0.903125 0.6793750000000001 0.01873809523809511 0.023738095238095114
03 0.984375 0.30625 0.02374297752808996 0.02249297752808982
20 0.910625 0.615 0.013745098039215753 0.017495098039215673
10 0.5475000000000001 0.15 0.022456896551724115 0.019956896551724113
01 0.21625 0.063125 0.01497844827586206 0.011228448275862064
13 0.853125 0.7112499999999999 0.053636363636363704 0.05988636363636368
01 0.39937500000000004 0.536875 0.018735795454545456 0.016235795454545454
