01 0.125625 0.79125 0.02123355263157893 0.022483552631578974
08 0.374375 0.09625 0.04624161073825506 0.024991610738255052
18 0.7525 0.455 0.019956896551724168 0.022456896551724115
07 0.309375 0.72125 0.013744444444444448 0.08249444444444431
06 0.12999702380952383 0.8825000000000001 0.06749404761904762 0.027488095238095034
14 0.24625 0.62375 0.019992977528089872 0.0524929775280899
02 0.323125 0.170625 0.04124509803921572 0.0737450980392157
14 0.385 0.48250000000000004 0.02745689655172412 0.037456896551724184
13 0.1 0.248125 0.11247844827586206 0.05122844827586209
03 0.6168750000000001 0.580625 0.03613636363636352 0.023636363636363567
03 0.64375 0.641875 0.03998579545454539 0.03623579545454536
15 0.33187500000000003 0.67875 0.028719512195121977 0.04246951219512196
03 0.48687499999999995 0.8943749999999999 0.03373214285714282 0.04873214285714289
03 0.9568749999999999 0.645 0.02873749999999997 0.06248750000000003
