13 0.88 0.35875 0.06498355263157896 0.09248355263157898
03 0.211875 0.973125 0.033741610738255046 0.021241610738254924
06 0.06999999999999999 0.55875 0.024956896551724138 0.014956896551724164
18 0.14250000000000002 0.46625 0.012494444444444447 0.014994444444444532
03 0.07500000000000001 0.75875 0.014988095238095231 0.027488095238095145
03 0.848125 0.555625 0.008742977528089835 0.0212429775280899
08 0.600625 0.9875 0.03624509803921572 0.014995098039215615
03 0.555625 0.255 0.023706896551724088 0.02745689655172412
12 0.93625 0.73875 0.024978448275862153 0.02747844827586221
08 0.2525 0.15375 0.007386363636363691 0.017386363636363672
