08 0.201875 0.6737500000000001 0.031233552631578954 0.027483552631578978
20 0.689375 0.5175000000000001 0.021241610738254924 0.01999161073825506
05 0.513125 0.78125 0.018706896551724195 0.04245689655172402
01 0.11125 0.7525 0.03499444444444447 0.027494444444444377
14 0.154375 0.2375 0.046238095238095245 0.02498809523809528
15 0.105625 0.5925 0.021242977528089887 0.032492977528089884
09 0.09625 0.32375 0.03749509803921569 0.029995098039215684
15 0.46625000000000005 0.90375 0.034956896551724126 0.01745689655172422
14 0.1975 0.6231249999999999 0.029978448275862074 0.03372844827586208
20 0.31125 0.09062500000000001 0.027386363636363653 0.023636363636363636
09 0.19 0.024375 0.049985795454545456 0.031235795454545454
