06 0.41874999999999996 0.027499999999999997 0.027483552631578922 0.009983552631578945
03 0.64625 0.07125 0.014991610738254946 0.01749161073825503
10 0.5531250000000001 0.68375 0.02120689655172414 0.014956896551724164
15 0.30625 0.031875 0.009994444444444417 0.023744444444444443
18 0.808125 0.610625 0.011238095238095158 0.013738095238095216
20 0.625625 0.755625 0.011242977528089781 0.01374297752808984
20 0.251875 0.856875 0.018745098039215674 0.013745098039215642
03 0.504375 0.885 0.011206896551724077 0.024956896551724173
03 0.86625 0.273125 0.05747844827586224 0.018728448275862064
18 0.615625 0.360625 0.016136363636363615 0.018636363636363618
03 0.7618714488636363 0.140625 0.013742897727272663 0.013735795454545452
03 0.6543673780487804 0.1175 0.03873475609756094 0.024969512195121932
08 0.3831205357142857 0.848125 0.0212410714285714 0.04123214285714283
