03 0.653125 0.95625 0.03873355263157896 0.04248355263157888
03 0.24437499999999998 0.868125 0.023741610738255037 0.046241610738254946
16 0.575625 0.385 0.03120689655172415 0.03995689655172413
03 0.5237499999999999 0.1275 0.01749444444444459 0.03499444444444445
05 0.17875 0.0725 0.029988095238095258 0.03498809523809523
12 0.8356250000000001 0.18625 0.03124297752808991 0.03499297752808983
03 0.604375 0.905 0.046245098039215726 0.042495098039215695
03 0.25625 0.32 0.014956896551724136 0.032456896551724124
03 0.8356250000000001 0.435 0.021228448275862122 0.039978448275862055
03 0.686875 0.075 0.053636363636363704 0.04238636363636363
07 0.9225 0.7 0.03498579545454539 0.034985795454545277
