06 0.2825 0.6893750000000001 0.022483552631578974 0.02123355263157889
03 0.364375 0.8125 0.04124161073825505 0.024991610738254844
08 0.40375 0.618125 0.04500000000000004 0.026206896551724146
18 0.9425 0.90875 0.019994444444444426 0.02249444444444426
10 0.07250000000000001 0.4925 0.022488095238095238 0.017488095238095247
03 0.36375 0.340625 0.02249297752808982 0.028742977528089853
18 0.231875 0.26125 0.021245098039215704 0.022495098039215677
14 0.11562499999999999 0.38187499999999996 0.026206896551724118 0.04370689655172416
04 0.1925 0.04375 0.02497844827586207 0.02747844827586207
09 0.590625 0.27249999999999996 0.03613636363636352 0.04738636363636367
