02 0.76625 0.3375 0.03498355263157893 0.04748355263157894
05 0.47125 0.38 0.02999161073825507 0.017491610738255003
01 0.443125 0.569375 0.01870689655172414 0.018706896551724195
19 0.495 0.24625 0.034994444444444495 0.022494444444444428
18 0.26125 0.45875 0.01998809523809525 0.02248809523809525
09 0.076875 0.9181250000000001 0.02374297752808989 0.0212429775280899
15 0.03125 0.215625 0.02249509803921569 0.031245098039215685
13 0.96375 0.84625 0.04495689655172419 0.1124568965517242
05 0.8593803879310344 0.630625 0.028739224137931174 0.03122844827586213
03 0.63375 0.330625 0.01738636363636359 0.03113636363636363
