04 0.57625 0.59625 0.037483552631578876 0.027483552631578978
20 0.9275 0.474375 0.02999161073825496 0.021241610738255035
03 0.445625 0.514375 0.023706896551724088 0.028706896551724093
18 0.5543750000000001 0.039375 0.026244444444444404 0.028744444444444447
06 0.209375 0.47562499999999996 0.016238095238095274 0.03373809523809529
08 0.649375 0.144375 0.0987429775280898 0.04124297752808988
08 0.405 0.33375 0.03999509803921569 0.03999509803921569
06 0.27437500000000004 0.69375 0.02620689655172409 0.02745689655172412
02 0.838125 0.38375000000000004 0.04122844827586225 0.02247844827586204
01 0.39 0.370625 0.034886363636363604 0.028636363636363626
