06 0.6649958881578948 0.488125 0.052491776315789385 0.08373355263157889
09 0.611875 0.536875 0.021241610738255035 0.03624161073825505
15 0.796875 0.18937500000000002 0.01370689655172419 0.021206896551724114
07 0.845625 0.893125 0.043744444444444364 0.01124444444444428
08 0.14875 0.36250000000000004 0.044988095238095244 0.029988095238095258
11 0.044375 0.83125 0.026242977528089885 0.027492977528089768
03 0.4225 0.374375 0.017495098039215673 0.02624509803921571
18 0.823125 0.7112499999999999 0.016206896551724137 0.01745689655172422
06 0.35250000000000004 0.309375 0.04247844827586206 0.04872844827586209
03 0.364375 0.639375 0.02863636363636357 0.028636363636363682
04 0.10062499999999999 0.558125 0.023735795454545475 0.02873579545454552
12 0.35875 0.809375 0.04246951219512196 0.03871951219512193
11 0.85875 0.81 0.02748214285714279 0.03248214285714279
