11 0.705 0.8868750000000001 0.03498355263157893 0.031233552631578898
03 0.923125 0.954375 0.028741610738254875 0.0537416107382549
20 0.19125 0.59625 0.034956896551724126 0.029956896551724177
20 0.28374999999999995 0.12875 0.022494444444444428 0.01749444444444448
12 0.816875 0.743125 0.04373809523809513 0.03623809523809507
06 0.78 0.691875 0.009992977528089808 0.0887429775280899
06 0.3275 0.2075 0.09249509803921568 0.1074950980392157
09 0.469375 0.21875 0.03370689655172415 0.03745689655172413
08 0.51875 0.5725 0.08997844827586199 0.0899784482758621
03 0.6368750000000001 0.851875 0.033636363636363686 0.02113636363636373
07 0.21874644886363637 0.845625 0.03249289772727271 0.026235795454545352
03 0.45625 0.8825000000000001 0.03246951219512195 0.06996951219512193
