03 0.54375 0.62875 0.029983552631578925 0.014983552631578911
06 0.5081249999999999 0.57625 0.01624161073825514 0.04749161073825503
14 0.573125 0.09 0.026206896551724146 0.027456896551724147
11 0.950625 0.3675 0.023744444444444457 0.022494444444444484
01 0.12 0.5587500000000001 0.02498809523809524 0.02498809523809531
03 0.35250000000000004 0.27875 0.02249297752808982 0.019992977528089817
14 0.703125 0.07250000000000001 0.023745098039215762 0.012495098039215682
20 0.384375 0.985625 0.016206896551724137 0.016206896551724137
06 0.6675053879310344 0.9137446120689656 0.03498922413793115 0.029989224137931036
03 0.43 0.090625 0.012386363636363584 0.013636363636363641
12 0.479375 0.393125 0.028735795454545465 0.023735795454545516
03 0.818125 0.566875 0.043719512195121935 0.051219512195122
