17 0.4575 0.73 0.042483552631578936 0.037483552631578876
12 0.7175 0.188125 0.03999161073825486 0.04874161073825503
01 0.04 0.71875 0.01995689655172414 0.01745689655172411
16 0.04625 0.40875 0.03249444444444445 0.04999444444444445
20 0.905 0.049375 0.03248809523809515 0.028738095238095236
03 0.38125 0.18 0.05499297752808985 0.04999297752808987
14 0.6174999999999999 0.41312499999999996 0.01999509803921573 0.033745098039215715
06 0.44061422413793105 0.24874999999999997 0.021228448275862066 0.12495689655172412
00 0.4875 0.13125 0.04497844827586206 0.03997844827586207
03 0.683125 0.265625 0.023636363636363678 0.033636363636363686
14 0.224375 0.45125 0.031235795454545467 0.047485795454545454
03 0.81875 0.53375 0.05246951219512197 0.024969512195122
18 0.94 0.66 0.022482142857142784 0.02498214285714284
