01 0.26375000000000004 0.7649999999999999 0.01998355263157897 0.019983552631578916
20 0.5462499999999999 0.11875 0.01999161073825506 0.02249161073825505
06 0.32375 0.06437499999999999 0.02745689655172412 0.03620689655172414
05 0.976875 0.39125 0.033744444444444355 0.024994444444444486
12 0.9575 0.171875 0.037488095238095154 0.038738095238095266
00 0.16499999999999998 0.35375 0.02499297752808985 0.02499297752808982
06 0.7181237745098039 0.47687500000000005 0.03374754901960786 0.05874509803921574
12 0.451875 0.476875 0.05120689655172411 0.026206896551724146
20 0.0675 0.8025 0.022478448275862067 0.0174784482758622
20 0.184375 0.9706250000000001 0.018636363636363673 0.01363636363636378
