02 0.3293791118421053 0.315 0.021241776315789496 0.039983552631578934
03 0.24375000000000002 0.8474999999999999 0.014991610738255085 0.014991610738254946
08 0.49625 0.8131250000000001 0.039956896551724186 0.02120689655172414
20 0.26125 0.818125 0.022494444444444428 0.0212444444444444
20 0.846875 0.9681249999999999 0.021238095238095167 0.023738095238095114
03 0.89125 0.8674999999999999 0.01749297752808987 0.01749297752808976
03 0.964375 0.133125 0.023745098039215762 0.028745098039215697
18 0.255625 0.638125 0.016206896551724137 0.018706896551724195
15 0.193125 0.46499999999999997 0.011228448275862057 0.02247844827586204
04 0.965 0.26249999999999996 0.029886363636363766 0.02238636363636365
06 0.925 0.45875 0.0649857954545453 0.05748579545454546
20 0.46625 0.6950000000000001 0.024969512195122 0.024969512195122
03 0.106875 0.67375 0.01373214285714286 0.03498214285714285
18 0.39375 0.94625 0.01748749999999999 0.019987500000000047
