15 0.565 0.63125 0.012483552631578854 0.014983552631578911
02 0.175 0.345 0.022491610738255036 0.02499161073825501
05 0.581875 0.083125 0.016206896551724137 0.021206896551724128
11 0.526875 0.8625 0.018744444444444452 0.019994444444444315
01 0.46875 0.5193749999999999 0.009988095238095296 0.006238095238095265
12 0.9724999999999999 0.3125 0.022492977528089875 0.022492977528089875
12 0.253125 0.69375 0.02624509803921568 0.02999509803921563
07 0.92875 0.801875 0.014956896551724164 0.026206896551724146
13 0.09625 0.69875 0.027478448275862072 0.05247844827586223
15 0.9293750000000001 0.21500000000000002 0.036136363636363744 0.017386363636363672
16 0.14500000000000002 0.336875 0.017485795454545455 0.026235795454545463
