01 0.9524999999999999 0.5 0.029983552631578925 0.02998355263157887
03 0.61625 0.47875 0.052491610738254924 0.024991610738255066
18 0.105625 0.53 0.02370689655172413 0.02745689655172412
09 0.3325 0.236875 0.02499444444444443 0.028744444444444434
03 0.8625 0.22999999999999998 0.019988095238095194 0.047488095238095246
20 0.566875 0.65875 0.028742977528089853 0.022492977528089875
01 0.843125 0.74 0.028745098039215655 0.027495098039215682
18 0.6325000000000001 0.25625000000000003 0.019956896551724168 0.022456896551724143
03 0.766875 0.06375 0.03122844827586224 0.03997844827586206
20 0.176875 0.24875 0.011136363636363666 0.009886363636363693
