14 0.10999999999999999 0.794375 0.057483552631578935 0.05623355263157881
03 0.950625 0.09125 0.06124161073825485 0.037491610738255035
20 0.036250000000000004 0.5956250000000001 0.047456896551724144 0.04620689655172405
03 0.519375 0.9043749999999999 0.04624444444444453 0.021244444444444288
01 0.33562499999999995 0.398125 0.02373809523809528 0.021238095238095278
03 0.079375 0.6287499999999999 0.02374297752808989 0.022492977528089875
11 0.235625 0.604375 0.041245098039215666 0.02624509803921571
06 0.46375 0.18875 0.02995689655172412 0.04745689655172414
15 0.78 0.780625 0.06747844827586225 0.0437284482758622
03 0.396875 0.573125 0.04863636363636359 0.051136363636363535
05 0.479375 0.7043714488636363 0.05373579545454543 0.03374289772727268
03 0.35562499999999997 0.815 0.04121951219512193 0.06246951219512198
06 0.638125 0.48687499999999995 0.15623214285714282 0.056232142857142786
14 0.668125 0.24375 0.043737499999999985 0.03998750000000001
