13 0.831875 0.6074999999999999 0.13123355263157888 0.05248355263157889
01 0.10250000000000001 0.239375 0.029991610738255056 0.028741610738255013
04 0.86 0.705 0.03745689655172413 0.02745689655172412
06 0.245 0.7675000000000001 0.059994444444444434 0.08749444444444443
18 0.296875 0.461875 0.023738095238095225 0.026238095238095283
03 0.8143750000000001 0.744375 0.0212429775280899 0.023742977528089848
02 0.246875 0.323125 0.03624509803921572 0.05124509803921573
11 0.101875 0.8943749999999999 0.031206896551724136 0.02120689655172414
15 0.731875 0.47250000000000003 0.05872844827586221 0.02247844827586204
01 0.685625 0.49375 0.02113636363636373 0.01738636363636359
04 0.22249999999999998 0.97375 0.03748579545454547 0.03498579545454539
