08 0.529375 0.725 0.026233552631578894 0.0674835526315789
11 0.7525 0.724375 0.034991610738254963 0.031241610738254932
09 0.233125 0.525625 0.0362068965517241 0.05620689655172417
04 0.371875 0.483125 0.03124444444444452 0.021244444444444455
11 0.515625 0.579375 0.033738095238095234 0.031238095238095287
03 0.241875 0.31625000000000003 0.026242977528089823 0.024992977528089877
04 0.15187499999999998 0.755 0.03374509803921569 0.02249509803921579
19 0.021875 0.5331250000000001 0.031206896551724136 0.0337068965517241
11 0.6012500000000001 0.97875 0.032478448275862104 0.03497844827586216
20 0.673125 0.12875 0.026136363636363735 0.02488636363636365
03 0.0775 0.949375 0.017485795454545455 0.058735795454545325
08 0.644375 0.579375 0.043719512195121935 0.03621951219512198
03 0.6912499999999999 0.08125000000000002 0.029982142857142846 0.027482142857142858
