18 0.531875 0.6875 0.016233552631578885 0.017483552631578858
05 0.133125 0.713125 0.016241610738255058 0.031241610738254932
14 0.08187499999999999 0.8787499999999999 0.05120689655172413 0.039956896551724186
03 0.23125138888888888 0.22999999999999998 0.012497222222222215 0.029994444444444407
06 0.51875 0.985 0.012488095238095354 0.017488095238095136
15 0.6675 0.03375 0.02749297752808988 0.02999297752808989
14 0.34750000000000003 0.249375 0.019995098039215675 0.053745098039215705
03 0.579375 0.73625 0.04120689655172416 0.01745689655172411
04 0.79125 0.115625 0.024978448275862153 0.013728448275862074
03 0.50125 0.060625 0.019886363636363646 0.013636363636363634
