18 0.8 0.94875 0.022483552631578863 0.02498355263157892
03 0.901875 0.305 0.031241610738254932 0.03999161073825508
03 0.159375 0.663125 0.046206896551724136 0.04120689655172416
08 0.19875 0.813125 0.027494444444444432 0.04624444444444431
08 0.85375 0.018750000000000003 0.017488095238095136 0.03498809523809524
14 0.279375 0.048125 0.023742977528089848 0.02374297752808989
03 0.42500000000000004 0.8343750000000001 0.02499509803921568 0.05124509803921573
01 0.18062499999999998 0.77625 0.033706896551724125 0.022456896551724226
04 0.821875 0.215 0.03122844827586224 0.03497844827586205
11 0.498125 0.0625 0.03613636363636352 0.03488636363636363
04 0.731875 0.055625 0.02623579545454524 0.02623579545454545
00 0.15875 0.5900000000000001 0.024969512195121973 0.024969512195122
08 0.46562499999999996 0.07812053571428572 0.048732142857142835 0.02124107142857143
14 0.028124999999999997 0.035625 0.026237499999999997 0.041237499999999996
