14 0.785625 0.405 0.031233552631578898 0.02998355263157887
20 0.6387499999999999 0.7875 0.022491610738255008 0.022491610738254897
03 0.765 0.6331249999999999 0.029956896551724066 0.026206896551724035
14 0.37375 0.04625 0.024994444444444486 0.05499444444444445
11 0.74125 0.931875 0.027488095238095145 0.023738095238095114
08 0.295625 0.518125 0.00874297752808989 0.0212429775280899
11 0.808125 0.5725 0.03374509803921566 0.027495098039215682
20 0.6581250000000001 0.344375 0.023706896551724088 0.026206896551724146
03 0.6 0.5706249999999999 0.039978448275862055 0.01372844827586206
20 0.8243750000000001 0.371875 0.02363636363636379 0.02113636363636362
04 0.97875 0.21687499999999998 0.02498579545454538 0.021235795454545486
03 0.651875 0.56875 0.026219512195121975 0.019969512195121997
