06 0.861875 0.53625 0.06623355263157882 0.052483552631579
07 0.39625 0.5975 0.042491610738255026 0.024991610738255066
03 0.9025000000000001 0.906875 0.012456896551724106 0.03370689655172421
03 0.949375 0.41812499999999997 0.023744444444444346 0.01624444444444445
18 0.6168750000000001 0.655625 0.01873809523809522 0.021238095238095056
08 0.313125 0.55125 0.04624297752808987 0.02749297752808988
06 0.670625 0.844375 0.008745098039215637 0.09124509803921566
06 0.9237500000000001 0.655 0.0649568965517241 0.0699568965517241
07 0.50125 0.610625 0.12247844827586202 0.036228448275862024
19 0.62125 0.514375 0.027386363636363598 0.02863636363636357
