02 0.495 0.385625 0.05998355263157884 0.023733552631578947
03 0.365625 0.395625 0.12624161073825507 0.07874161073825503
14 0.894375 0.0275 0.04870689655172411 0.03245689655172414
15 0.885625 0.55 0.05374444444444437 0.057494444444444515
00 0.75625 0.545625 0.0399880952380951 0.02873809523809523
08 0.143125 0.388125 0.04374297752808988 0.023742977528089848
03 0.638125 0.416875 0.026245098039215597 0.05374509803921568
20 0.821875 0.750625 0.0387068965517241 0.026206896551724146
06 0.06937499999999999 0.856875 0.033728448275862064 0.0337284482758623
03 0.55 0.2425 0.04238636363636361 0.029886363636363655
10 0.626875 0.47625 0.03623579545454536 0.0349857954545455
03 0.22875 0.3375 0.02246951219512197 0.03246951219512201
10 0.7875 0.12875 0.0374821428571428 0.02998214285714286
07 0.028124999999999997 0.7725 0.041237499999999996 0.04998749999999996
