03 0.21437499999999998 0.25125 0.03873355263157899 0.034983552631578985
03 0.938125 0.98375 0.021241610738254924 0.022491610738254897
12 0.26625 0.3125 0.02995689655172412 0.03745689655172413
05 0.111875 0.565625 0.031244444444444464 0.016244444444444506
07 0.8231279761904762 0.6775 0.09124404761904759 0.05998809523809512
20 0.47687500000000005 0.32875 0.02624297752808985 0.02749297752808988
01 0.6856249999999999 0.870625 0.02374509803921565 0.021245098039215704
06 0.595625 0.788125 0.0387068965517241 0.1012068965517241
04 0.41125 0.924375 0.029978448275862046 0.018728448275862175
17 0.15812500000000002 0.6881250000000001 0.026136363636363652 0.026136363636363735
11 0.06375 0.88125 0.034985795454545464 0.017485795454545316
