03 0.8043750000000001 0.953125 0.03873355263157896 0.023733552631578947
09 0.96625 0.63375 0.0274916107382549 0.04499161073825497
02 0.10437500000000001 0.2375 0.043706896551724134 0.09495689655172412
18 0.255 0.9550000000000001 0.02499444444444443 0.027494444444444377
01 0.420625 0.5325 0.028738095238095285 0.019988095238095305
20 0.685 0.316875 0.032492977528089884 0.031242977528089855
06 0.135 0.660625 0.037495098039215705 0.10874509803921573
06 0.385625 0.7987500000000001 0.06120689655172412 0.07245689655172416
01 0.9125000000000001 0.49124999999999996 0.039978448275862166 0.027478448275862044
03 0.931875 0.5475 0.043636363636363695 0.04988636363636356
03 0.756875 0.7075 0.0287357954545453 0.03248579545454533
