09 0.9743708881578947 0.36124999999999996 0.031241776315789505 0.022483552631578918
08 0.210625 0.611875 0.013741610738255056 0.01624161073825514
06 0.40125 0.37687499999999996 0.012456896551724106 0.023706896551724144
04 0.825625 0.438125 0.026244444444444404 0.018744444444444508
03 0.35750000000000004 0.749375 0.014988095238095245 0.02623809523809517
08 0.753125 0.9237500000000001 0.026242977528089795 0.019992977528089928
03 0.0725 0.34750000000000003 0.007495098039215692 0.027495098039215737
03 0.7593749999999999 0.854375 0.02120689655172414 0.02120689655172403
03 0.788125 0.44125000000000003 0.008728448275862166 0.014978448275862088
15 0.113125 0.056874999999999995 0.01863636363636363 0.011136363636363632
11 0.31562500000000004 0.701875 0.02373579545454546 0.031235795454545356
03 0.9550000000000001 0.244375 0.022469512195122054 0.023719512195121945
01 0.9862500000000001 0.86 0.01748214285714289 0.012482142857142886
03 0.39 0.20124999999999998 0.01748749999999999 0.03248750000000003
