18 0.15750000000000003 0.09375 0.01748355263157894 0.019983552631578944
04 0.180625 0.31625000000000003 0.02624161073825504 0.029991610738255015
15 0.48250000000000004 0.8656250000000001 0.024956896551724117 0.02120689655172414
03 0.585 0.5075000000000001 0.027494444444444488 0.022494444444444484
03 0.57125 0.598125 0.02498809523809531 0.033738095238095234
03 0.5800000000000001 0.28437500000000004 0.014992977528089813 0.03624297752808986
09 0.84625 0.33999999999999997 0.02999509803921574 0.029995098039215684
19 0.3675 0.6725000000000001 0.01745689655172411 0.032456896551724124
11 0.6275 0.880625 0.029978448275862157 0.018728448275862286
04 0.01625 0.190625 0.017386363636363634 0.018636363636363673
03 0.74 0.75875 0.037485795454545334 0.029985795454545383
