03 0.706875 0.5475 0.04623355263157891 0.03248355263157898
09 0.704375 0.5825 0.038741610738254884 0.04499161073825508
12 0.3475 0.1675 0.03745689655172413 0.03745689655172413
20 0.6625 0.4475 0.02499444444444432 0.022494444444444484
01 0.7268749999999999 0.12937500000000002 0.013738095238095105 0.011238095238095241
03 0.943125 0.321875 0.03374297752808986 0.02624297752808985
08 0.86625 0.8674999999999999 0.03499509803921563 0.01999509803921573
12 0.035625000000000004 0.10375 0.03870689655172414 0.03745689655172413
17 0.49749999999999994 0.9725 0.027478448275862044 0.032478448275862215
20 0.22125 0.696875 0.029886363636363655 0.03113636363636374
