07 0.890625 0.12375 0.07873355263157888 0.04498355263157894
04 0.90625 0.58875 0.032491610738254906 0.034991610738255075
03 0.96625 0.36 0.04245689655172413 0.02995689655172412
20 0.66125 0.7931250000000001 0.019994444444444426 0.01874444444444434
03 0.489375 0.09687499999999999 0.021238095238095278 0.02373809523809524
12 0.124375 0.143125 0.043742977528089894 0.03624297752808989
14 0.673125 0.431875 0.018745098039215646 0.02624509803921571
03 0.5075000000000001 0.384375 0.032456896551724124 0.01870689655172414
07 0.67625 0.533125 0.06497844827586219 0.018728448275862064
06 0.10375000000000001 0.67 0.06238636363636364 0.08238636363636376
04 0.35250000000000004 0.749375 0.03498579545454544 0.023735795454545405
20 0.31125 0.316875 0.02996951219512195 0.028719512195121977
05 0.9037455357142857 0.4125 0.03749107142857144 0.0399821428571428
