07 0.901875 0.7250000000000001 0.11623355263157897 0.10248355263157893
15 0.26749999999999996 0.35750000000000004 0.027491610738255068 0.012491610738255055
01 0.546875 0.859375 0.018706896551724084 0.016206896551724137
11 0.71375 0.54125 0.02499444444444432 0.014994444444444532
03 0.379375 0.090625 0.0437380952380953 0.03123809523809523
03 0.16812499999999997 0.160625 0.01874297752808987 0.05124297752808987
11 0.583125 0.398125 0.021245098039215593 0.021245098039215704
14 0.027499999999999997 0.038125 0.019956896551724137 0.02370689655172414
03 0.6125 0.066875 0.01997844827586215 0.011228448275862064
01 0.9606250000000001 0.035625000000000004 0.01363636363636378 0.011136363636363632
07 0.8531249999999999 0.765 0.04373579545454531 0.01498579545454537
05 0.30874999999999997 0.339375 0.02996951219512195 0.026219512195121975
