03 0.263125 0.224375 0.03873355263157896 0.04623355263157897
01 0.6168750000000001 0.98 0.02374161073825498 0.017491610738254892
00 0.27375 0.5787500000000001 0.04745689655172414 0.032456896551724124
03 0.46125 0.45375 0.06249444444444452 0.034994444444444495
03 0.264375 0.40375 0.02373809523809528 0.03498809523809532
12 0.585 0.133125 0.05499297752808985 0.0487429775280899
19 0.2625 0.826875 0.04499509803921567 0.03374509803921566
12 0.84625 0.5975 0.06995689655172421 0.049956896551724084
06 0.3637446120689655 0.69875 0.109989224137931 0.11747844827586218
20 0.036250000000000004 0.5125 0.029886363636363635 0.022386363636363593
12 0.85375 0.869375 0.037485795454545334 0.06123579545454527
