12 0.6387499999999999 0.24812499999999998 0.05248355263157889 0.053733552631578946
11 0.56 0.478125 0.052491610738255035 0.02624161073825504
09 0.36750000000000005 0.153125 0.034956896551724126 0.033706896551724125
06 0.148125 0.181875 0.04374444444444445 0.031244444444444436
10 0.5318750000000001 0.108125 0.03623809523809529 0.03123809523809523
13 0.260625 0.786875 0.10624297752808987 0.11874297752808993
13 0.270625 0.376875 0.1462450980392157 0.32124509803921575
12 0.83 0.195625 0.04745689655172414 0.11620689655172411
08 0.476875 0.8731249999999999 0.028728448275862073 0.05122844827586215
01 0.7825 0.536875 0.024886363636363762 0.023636363636363678
09 0.46875 0.165625 0.06248579545454547 0.041235795454545476
08 0.36687499999999995 0.95 0.028719512195121977 0.05246951219512197
