08 0.7418750000000001 0.8043750000000001 0.05873355263157898 0.04123355263157891
18 0.776875 0.670625 0.028741610738254875 0.031241610738254932
03 0.9631357758620689 0.848125 0.02372844827586207 0.0387068965517241
14 0.416875 0.8049999999999999 0.02124444444444451 0.03249444444444427
20 0.51 0.5818749999999999 0.017488095238095358 0.01873809523809522
01 0.855 0.76125 0.04249297752808978 0.03749297752808989
05 0.4625 0.39749999999999996 0.0449950980392157 0.02499509803921568
06 0.7262500000000001 0.145625 0.032456896551724124 0.03620689655172413
09 0.27249999999999996 0.079375 0.019978448275862093 0.06122844827586207
18 0.26875 0.26625 0.02488636363636365 0.027386363636363653
03 0.38125 0.941875 0.04498579545454545 0.04373579545454531
