05 0.946875 0.499375 0.03873355263157885 0.021233552631578834
03 0.22437709731543623 0.814375 0.03874580536912753 0.021241610738254924
03 0.794375 0.120625 0.03870689655172421 0.04120689655172413
02 0.5543750000000001 0.8868750000000001 0.026244444444444404 0.04874444444444437
03 0.4 0.7518750000000001 0.049988095238095276 0.02623809523809506
06 0.6837500000000001 0.346875 0.032492977528089884 0.09624297752808986
01 0.2125 0.84625 0.03499509803921569 0.022495098039215677
18 0.5874999999999999 0.59125 0.019956896551724168 0.022456896551724115
04 0.9312499999999999 0.43374999999999997 0.039978448275862166 0.03997844827586211
20 0.295 0.9724999999999999 0.029886363636363655 0.02738636363636371
05 0.8887499999999999 0.4625 0.02248579545454532 0.042485795454545505
03 0.70875 0.053125 0.039969512195122014 0.04371951219512195
