09 0.905625 0.5025000000000001 0.02873355263157884 0.03748355263157893
20 0.47375 0.60375 0.02999161073825507 0.027491610738255012
03 0.10625000000000001 0.88625 0.019956896551724126 0.03745689655172413
18 0.948125 0.483125 0.026244444444444293 0.028744444444444517
03 0.8400000000000001 0.7975 0.044988095238095105 0.05748809523809517
20 0.07625 0.200625 0.04499297752808989 0.04624297752808987
05 0.693125 0.7093750000000001 0.021245098039215704 0.04374509803921567
19 0.41812499999999997 0.606875 0.021206896551724086 0.04120689655172416
04 0.64375 0.081875 0.03747844827586211 0.02372844827586207
10 0.5818749999999999 0.8006249999999999 0.033636363636363575 0.02363636363636379
03 0.21687499999999998 0.058750000000000004 0.04623579545454545 0.04998579545454547
03 0.65375 0.495625 0.03746951219512196 0.043719512195121935
03 0.626875 0.169375 0.036232142857142824 0.02123214285714284
08 0.4875 0.961875 0.027487499999999998 0.0587375
