00 0.59875 0.9081250000000001 0.027483552631578867 0.02873355263157895
06 0.6893750000000001 0.63125 0.056241610738254955 0.052491610738254924
06 0.35125 0.63125 0.05245689655172414 0.049956896551724084
03 0.501875 0.445 0.03874444444444447 0.014994444444444532
03 0.48250000000000004 0.083125 0.029988095238095258 0.06623809523809523
19 0.26625 0.07125000000000001 0.019992977528089872 0.05249297752808989
04 0.28312499999999996 0.11499999999999999 0.033745098039215715 0.032495098039215686
04 0.725625 0.8625 0.03120689655172415 0.02745689655172412
12 0.319375 0.226875 0.06622844827586205 0.038728448275862054
03 0.805625 0.7725 0.06863636363636372 0.02738636363636371
03 0.42437499999999995 0.77625 0.03373579545454547 0.029985795454545272
