20 0.376875 0.10250000000000001 0.026233552631578894 0.027483552631578936
13 0.751875 0.15187499999999998 0.0537416107382549 0.06374161073825504
13 0.43937499999999996 0.105625 0.04620689655172411 0.07620689655172413
07 0.6568749999999999 0.58125 0.04624444444444442 0.047494444444444506
06 0.400625 0.436875 0.08873809523809528 0.021238095238095278
08 0.714375 0.40875 0.026242977528089906 0.03749297752808989
09 0.40875 0.8799999999999999 0.027495098039215682 0.042495098039215695
15 0.1175 0.59125 0.08745689655172413 0.04245689655172413
11 0.258125 0.358125 0.031228448275862103 0.028728448275862017
10 0.34062499999999996 0.624375 0.04363636363636364 0.03613636363636363
13 0.421875 0.47624999999999995 0.041235795454545476 0.12498579545454541
06 0.9 0.906875 0.11246951219512202 0.03871951219512204
03 0.949375 0.3625 0.01373214285714286 0.039982142857142855
20 0.22999999999999998 0.3025 0.01998750000000002 0.019987500000000047
