08 0.323125 0.21250000000000002 0.008733552631578934 0.05248355263157897
07 0.70375 0.465625 0.024991610738254844 0.056241610738255066
20 0.0175 0.9750000000000001 0.02245689655172414 0.019956896551724168
03 0.805625 0.27 0.013744444444444337 0.03499444444444444
18 0.411875 0.624375 0.016238095238095274 0.01873809523809533
20 0.323125 0.078125 0.023742977528089848 0.023742977528089876
19 0.7050000000000001 0.2275 0.03499509803921563 0.032495098039215686
19 0.224375 0.87875 0.021206896551724114 0.03745689655172413
14 0.73 0.051875000000000004 0.02747844827586221 0.05122844827586207
03 0.11812500000000001 0.680625 0.023636363636363636 0.03113636363636374
