06 0.0625 0.079375 0.05498355263157895 0.11623355263157893
06 0.555625 0.17312290268456376 0.08624161073825498 0.036245805369127526
20 0.6543749999999999 0.07125 0.0337068965517241 0.022456896551724136
20 0.07750000000000001 0.9143749999999999 0.03249444444444445 0.021244444444444288
20 0.718125 0.1975 0.03873809523809513 0.037488095238095265
05 0.0875 0.08812500000000001 0.02249297752808989 0.05374297752808989
08 0.410625 0.854375 0.0812450980392157 0.028745098039215655
10 0.16 0.60375 0.03995689655172413 0.03745689655172413
04 0.9425 0.3025 0.042478448275862224 0.0274784482758621
03 0.25 0.414375 0.05238636363636365 0.03113636363636363
20 0.49125 0.924375 0.047485795454545454 0.02873579545454541
