03 0.7731250000000001 0.454375 0.02873355263157895 0.046233552631578856
05 0.110625 0.16999999999999998 0.02874161073825504 0.05749161073825507
14 0.8062499999999999 0.899375 0.032456896551724124 0.04870689655172411
08 0.040625 0.9550000000000001 0.06124444444444445 0.019994444444444315
20 0.270625 0.84125 0.016238095238095274 0.012488095238095132
07 0.5931249999999999 0.7206250000000001 0.053742977528089875 0.03124297752808991
12 0.408125 0.328125 0.04874509803921567 0.05374509803921568
03 0.73125 0.200625 0.03495689655172407 0.1012068965517241
05 0.191875 0.541875 0.02622844827586207 0.06622844827586216
03 0.8418749999999999 0.948125 0.018636363636363673 0.05613636363636365
03 0.775 0.578125 0.04748579545454534 0.03873579545454553
