15 0.21687499999999998 0.98375 0.033733552631578984 0.03248355263157898
18 0.86375 0.080625 0.022491610738254897 0.023741610738255037
18 0.16999999999999998 0.244375 0.022456896551724143 0.026206896551724146
18 0.11 0.21687499999999998 0.022494444444444456 0.02624444444444443
03 0.8887499999999999 0.8075 0.029988095238095203 0.037488095238095154
18 0.40375 0.3825 0.02499297752808982 0.02749297752808988
06 0.934375 0.89 0.10124509803921578 0.02999509803921563
09 0.8075 0.8574999999999999 0.02745689655172412 0.029956896551724177
10 0.538125 0.4375 0.028728448275862073 0.024978448275862042
20 0.219375 0.39125 0.026136363636363652 0.022386363636363593
18 0.265625 0.188125 0.018735795454545512 0.021235795454545486
