13 0.258125 0.8374999999999999 0.043733552631578965 0.11248355263157894
06 0.09125 0.281875 0.047491610738255044 0.09624161073825507
07 0.913125 0.393125 0.053706896551724115 0.016206896551724137
06 0.4175 0.913125 0.1024944444444445 0.06624444444444433
06 0.8325 0.595 0.04248809523809516 0.0149880952380953
03 0.885625 0.955625 0.03874297752808986 0.018742977528089955
02 0.529375 0.171875 0.03624509803921572 0.15874509803921566
03 0.7987500000000001 0.561875 0.032456896551724124 0.04870689655172411
04 0.115625 0.78375 0.02622844827586207 0.02747844827586221
07 0.92875 0.588125 0.12988636363636374 0.03863636363636358
01 0.7718750000000001 0.4325 0.021235795454545348 0.019985795454545485
01 0.973125 0.955 0.03621951219512198 0.029969512195122006
08 0.036875 0.52625 0.023732142857142854 0.01748214285714278
