12 0.2575 0.85375 0.08498355263157897 0.1399835526315789
18 0.0675 0.58875 0.039991610738255044 0.04249161073825514
07 0.925 0.55125 0.059956896551724204 0.07245689655172416
02 0.60625 0.5862499999999999 0.09499444444444438 0.10249444444444455
20 0.41000000000000003 0.3225 0.03998809523809527 0.029988095238095258
05 0.14937499999999998 0.471875 0.03874297752808989 0.05624297752808982
11 0.81125 0.2875 0.05749509803921571 0.05999509803921571
06 0.9143749999999999 0.12 0.12620689655172412 0.06745689655172414
03 0.35562499999999997 0.604375 0.048728448275862035 0.12872844827586216
04 0.864375 0.12437499999999999 0.05613636363636365 0.04863636363636363
08 0.611875 0.84375 0.06123579545454538 0.054985795454545405
03 0.130625 0.8525 0.08371951219512194 0.149969512195122
03 0.7400044642857142 0.9412499999999999 0.09499107142857144 0.06998214285714288
13 0.34750000000000003 0.48875 0.17498750000000002 0.08998749999999994
