13 0.89625 0.8625 0.047483552631578885 0.022483552631578863
07 0.519375 0.850625 0.04874161073825506 0.0637416107382549
08 0.265625 0.08248922413793103 0.04120689655172413 0.022478448275862067
04 0.47875 0.083125 0.03249444444444449 0.021244444444444455
07 0.24 0.6187499999999999 0.017488095238095275 0.05998809523809523
04 0.5237499999999999 0.923125 0.032492977528089884 0.026242977528089906
06 0.51 0.12375 0.0499950980392157 0.03499509803921569
03 0.09562499999999999 0.089375 0.03620689655172414 0.05370689655172414
02 0.19687500000000002 0.07 0.04372844827586206 0.05997844827586206
06 0.965625 0.7925 0.03113636363636374 0.012386363636363695
18 0.078125 0.22875 0.018735795454545456 0.019985795454545457
