18 0.31562499999999993 0.289375 0.02623355263157895 0.02873355263157895
05 0.219375 0.5562499999999999 0.04374161073825503 0.03249161073825502
15 0.884364224137931 0.8025 0.08372844827586201 0.032456896551724124
09 0.8856250000000001 0.683125 0.03874444444444436 0.02874444444444435
20 0.723125 0.7775 0.048738095238095136 0.037488095238095154
09 0.27 0.90625 0.06749297752808986 0.057492977528089906
01 0.11687499999999999 0.90375 0.02624509803921568 0.024995098039215624
06 0.6799999999999999 0.76625 0.019956896551724168 0.03745689655172413
07 0.27437500000000004 0.536875 0.07372844827586206 0.08872844827586207
03 0.05375 0.506875 0.052386363636363634 0.02613636363636357
12 0.36375 0.795 0.0949857954545455 0.09998579545454533
03 0.5643750000000001 0.56625 0.026219512195121975 0.019969512195121997
02 0.613125 0.326875 0.09623214285714288 0.038732142857142826
06 0.8287500000000001 0.535625 0.027487499999999998 0.033737499999999976
