14 0.7237541118421054 0.255625 0.02999177631578942 0.036233552631578986
00 0.9099999999999999 0.5874999999999999 0.034991610738254963 0.03249161073825502
03 0.136875 0.37625 0.016206896551724137 0.03245689655172418
03 0.126875 0.46875 0.028744444444444447 0.047494444444444506
06 0.9575 0.396875 0.01498809523809519 0.028738095238095285
03 0.8968750000000001 0.41875 0.10874297752808981 0.06999297752808986
03 0.23374999999999999 0.590625 0.03499509803921569 0.018745098039215757
03 0.91 0.590625 0.02745689655172412 0.05620689655172406
19 0.879375 0.9375 0.02372844827586218 0.0274784482758621
06 0.77 0.815625 0.022386363636363704 0.01363636363636378
18 0.8 0.9 0.017485795454545316 0.019985795454545263
02 0.17250000000000001 0.506875 0.027469512195121948 0.018719512195121968
14 0.950625 0.71 0.05123214285714284 0.019982142857142837
01 0.66625 0.525 0.0174875000000001 0.019987500000000047
