03 0.45125 0.154375 0.047483552631578885 0.04623355263157897
03 0.29375 0.221875 0.03999161073825508 0.023741610738255065
11 0.22562500000000002 0.785625 0.023706896551724116 0.018706896551724084
03 0.23875000000000002 0.684998611111111 0.029994444444444435 0.017497222222222164
01 0.5293749999999999 0.33999999999999997 0.013738095238095327 0.00998809523809524
20 0.26375 0.080625 0.012492977528089866 0.013742977528089895
03 0.505 0.171875 0.017495098039215673 0.018745098039215702
03 0.9624999999999999 0.69 0.00995689655172416 0.04245689655172413
06 0.563125 0.111875 0.011228448275862002 0.021228448275862066
18 0.101875 0.96625 0.013636363636363627 0.014886363636363753
06 0.8450035511363637 0.40812499999999996 0.04499289772727266 0.03373579545454547
04 0.0775 0.38125 0.01746951219512194 0.022469512195122
04 0.25187499999999996 0.589375 0.023732142857142813 0.018732142857142864
