20 0.64125 0.576875 0.02498355263157892 0.016233552631578885
20 0.80125 0.416875 0.05499161073825487 0.048741610738255
06 0.43125 0.713125 0.09495689655172412 0.1637068965517241
09 0.34187500000000004 0.175625 0.056244444444444486 0.06874444444444444
03 0.420625 0.445 0.1112380952380953 0.06748809523809529
06 0.6837500000000001 0.11562499999999998 0.1299929775280898 0.12374297752808985
14 0.26937500000000003 0.159375 0.061245098039215684 0.028745098039215683
03 0.694375 0.295625 0.07620689655172408 0.04370689655172416
13 0.495 0.90125 0.104978448275862 0.05497844827586218
19 0.544375 0.5875 0.07113636363636366 0.047386363636363615
06 0.241875 0.13624999999999998 0.17623579545454549 0.027485795454545464
14 0.4931173780487805 0.805625 0.05873475609756096 0.03121951219512198
