03 0.494375 0.696875 0.018733552631578887 0.043733552631578965
02 0.228125 0.37 0.03624161073825505 0.012491610738255055
18 0.28500000000000003 0.271875 0.014956896551724108 0.016206896551724137
06 0.626875 0.9762513888888888 0.02874444444444446 0.04749722222222219
06 0.27249999999999996 0.264375 0.01998809523809525 0.06873809523809529
06 0.05437500000000001 0.73875 0.03374297752808989 0.032492977528089884
17 0.875625 0.468125 0.018745098039215646 0.023745098039215706
03 0.915 0.4525 0.012456896551724106 0.019956896551724113
03 0.769375 0.5856250000000001 0.09622844827586219 0.0637284482758621
06 0.6475 0.176875 0.047386363636363726 0.028636363636363682
