18 0.436875 0.6725000000000001 0.018733552631578887 0.019983552631578916
03 0.940625 0.104375 0.03374161073825499 0.026241610738255053
04 0.778125 0.548125 0.026206896551724146 0.028706896551724093
06 0.750625 0.725 0.0362444444444443 0.07499444444444436
20 0.436875 0.80625 0.013738095238095271 0.01498809523809519
08 0.525 0.943125 0.049992977528089844 0.026242977528089906
14 0.6299999999999999 0.248125 0.042495098039215695 0.03874509803921572
12 0.5762499999999999 0.55 0.029956896551724177 0.032456896551724124
08 0.3143696120689655 0.7949999999999999 0.043739224137931076 0.03747844827586222
03 0.86375 0.63 0.01738636363636381 0.04488636363636367
08 0.026249999999999996 0.58 0.03498579545454545 0.029985795454545494
03 0.6825 0.7849999999999999 0.0349695121951219 0.06746951219512198
