20 0.598125 0.35562499999999997 0.033733552631578956 0.021233552631578945
19 0.07875 0.21187499999999998 0.032491610738255045 0.05874161073825504
04 0.490625 0.201875 0.0362068965517241 0.03120689655172415
01 0.451875 0.868125 0.028744444444444517 0.023744444444444346
03 0.215 0.8518749999999999 0.05748809523809528 0.058738095238095034
01 0.83875 0.6637500000000001 0.019992977528089817 0.022492977528089875
10 0.6074999999999999 0.638125 0.032495098039215686 0.031245098039215713
12 0.79875 0.08187499999999999 0.04745689655172414 0.053706896551724136
12 0.204375 0.39937500000000004 0.041228448275862084 0.048728448275862035
13 0.669375 0.8175 0.17613636363636365 0.1848863636363638
20 0.14125 0.060625 0.027485795454545464 0.026235795454545456
03 0.8987499999999999 0.835 0.07496951219512205 0.13246951219512193
13 0.05125 0.09499999999999999 0.05748214285714286 0.14998214285714284
12 0.221875 0.368125 0.0687375 0.07373750000000001
