20 0.97 0.6893750000000001 0.027483552631578867 0.023733552631578836
20 0.983125 0.77125 0.018741610738254866 0.012491610738254888
00 0.450625 0.763125 0.0337068965517241 0.03120689655172415
09 0.450625 0.5075000000000001 0.03124444444444452 0.029994444444444546
14 0.516875 0.603125 0.023738095238095225 0.031238095238095287
03 0.19 0.420625 0.039992977528089835 0.0187429775280899
08 0.25687499999999996 0.41875 0.031245098039215657 0.027495098039215682
15 0.20124999999999998 0.43125 0.024956896551724145 0.024956896551724117
12 0.94125 0.6025 0.03497844827586216 0.04247844827586211
03 0.683125 0.370625 0.036136363636363744 0.046136363636363587
