10 0.7887500000000001 0.25875000000000004 0.029983552631578925 0.01998355263157897
06 0.05687500000000001 0.288125 0.06124161073825504 0.11374161073825506
15 0.51 0.568125 0.01745689655172411 0.03370689655172421
08 0.47250000000000003 0.81875 0.0399944444444445 0.01499444444444431
09 0.823125 0.84 0.013738095238095216 0.037488095238095154
08 0.22875 0.5125 0.05499297752808985 0.012492977528089866
11 0.3025 0.38687499999999997 0.03499509803921569 0.033745098039215715
18 0.199375 0.305625 0.01870689655172414 0.02120689655172414
12 0.23375 0.856875 0.04497844827586209 0.056228448275862264
20 0.775 0.3025 0.029886363636363766 0.027386363636363653
20 0.630625 0.576875 0.031235795454545356 0.023735795454545516
07 0.6368826219512195 0.8843749999999999 0.043734756097560945 0.06621951219512201
01 0.910625 0.33125000000000004 0.036232142857142824 0.027482142857142844
06 0.91625 0.854375 0.0174875000000001 0.033737499999999976
