06 0.8275041118421053 0.740625 0.034991776315789425 0.08623355263157895
09 0.7325 0.68375 0.052491610738254924 0.05499161073825487
08 0.13187500000000002 0.238125 0.04120689655172413 0.04620689655172411
09 0.388125 0.88875 0.03874444444444447 0.04499444444444434
03 0.446875 0.759375 0.038738095238095294 0.05123809523809508
11 0.380625 0.683125 0.03374297752808986 0.0312429775280898
08 0.424375 0.236875 0.038745098039215664 0.0512450980392157
03 0.750625 0.73 0.0862068965517242 0.04245689655172413
20 0.72125 0.89375 0.029978448275862157 0.029978448275862157
03 0.796875 0.171875 0.02113636363636373 0.031136363636363656
19 0.5856250000000001 0.50125 0.02873579545454541 0.03248579545454544
03 0.818125 0.818125 0.03121951219512198 0.043719512195121935
04 0.34750000000000003 0.66125 0.0399821428571428 0.032482142857142904
00 0.675 0.213125 0.03748750000000001 0.036237500000000006
