15 0.16125 0.180625 0.02748355263157895 0.056233552631578976
03 0.350625 0.938125 0.021241610738255035 0.0537416107382549
16 0.050625 0.9612499999999999 0.05370689655172414 0.04495689655172408
03 0.383125 0.1025 0.04624444444444453 0.029994444444444462
17 0.08812500000000001 0.8356250000000001 0.038738095238095224 0.041238095238095185
03 0.24 0.938125 0.04499297752808984 0.011242977528089781
03 0.41875 0.65125 0.032495098039215686 0.03749509803921569
09 0.56 0.659375 0.032456896551724124 0.05120689655172417
08 0.358125 0.8162499999999999 0.03372844827586202 0.07747844827586226
03 0.12875 0.634375 0.03988636363636362 0.03113636363636374
00 0.87625 0.214375 0.037485795454545334 0.031235795454545467
