03 0.27750411184210527 0.2625 0.03749177631578948 0.05998355263157898
12 0.078125 0.074375 0.07374161073825504 0.07624161073825504
14 0.41500000000000004 0.26 0.017456896551724166 0.05245689655172414
15 0.8999999999999999 0.14250000000000002 0.037494444444444386 0.024994444444444458
15 0.851875 0.85875 0.048738095238095136 0.027488095238095145
15 0.41812499999999997 0.781875 0.02624297752808985 0.036242977528089915
03 0.479375 0.794375 0.028745098039215655 0.04374509803921567
06 0.9099999999999999 0.17125 0.04245689655172413 0.11745689655172412
12 0.964375 0.476875 0.036228448275862135 0.043728448275862086
20 0.640625 0.5487500000000001 0.016136363636363726 0.014886363636363531
