06 0.114375 0.57125 0.04873355263157893 0.04498355263157894
10 0.469375 0.2825 0.018741610738255032 0.014991610738255001
06 0.18375 0.296875 0.024956896551724117 0.06120689655172418
15 0.969375 0.2125 0.031244444444444408 0.02499444444444443
12 0.07375 0.6775 0.042488095238095235 0.03498809523809521
18 0.88375 0.388125 0.01749297752808987 0.0212429775280899
20 0.49874999999999997 0.315 0.022495098039215677 0.017495098039215673
13 0.28 0.6737500000000001 0.02995689655172412 0.05495689655172409
03 0.1225 0.79 0.027478448275862058 0.029978448275862157
03 0.8425 0.51875 0.014886363636363753 0.029886363636363655
06 0.37 0.77875 0.017485795454545427 0.009985795454545365
20 0.743125 0.565625 0.026219512195121975 0.023719512195122028
12 0.8200000000000001 0.70625 0.03498214285714274 0.039982142857142855
