08 0.556875 0.675 0.013733552631578938 0.03498355263157882
07 0.6187479026845637 0.6487499999999999 0.027495805369127546 0.074991610738255
03 0.438125 0.375 0.036206896551724155 0.05245689655172414
11 0.564375 0.8075 0.026244444444444515 0.03249444444444438
20 0.33562499999999995 0.80875 0.02373809523809528 0.019988095238095083
20 0.06125 0.131875 0.034992977528089886 0.0337429775280899
03 0.71375 0.635 0.014995098039215726 0.02999509803921563
10 0.9043749999999999 0.251875 0.02120689655172414 0.01870689655172411
03 0.086875 0.235 0.058728448275862065 0.029978448275862074
20 0.18875 0.18 0.017386363636363644 0.01488636363636367
