08 0.075625 0.16062500000000002 0.01123355263157895 0.053733552631578946
10 0.6599999999999999 0.739375 0.029991610738254848 0.026241610738254817
07 0.48062499999999997 0.19374999999999998 0.04870689655172411 0.06745689655172413
20 0.56125 0.131875 0.027494444444444488 0.02624444444444446
01 0.79125 0.620625 0.019988095238095083 0.01873809523809533
04 0.421875 0.7112499999999999 0.0312429775280898 0.027492977528089768
03 0.123125 0.23499877450980391 0.041245098039215694 0.03249754901960783
14 0.166875 0.859375 0.033706896551724125 0.028706896551724093
10 0.5193749999999999 0.2925 0.021228448275862122 0.017478448275862035
18 0.635 0.5387500000000001 0.0173863636363637 0.019886363636363646
00 0.5975 0.85625 0.029985795454545494 0.027485795454545325
18 0.76625 0.779375 0.019969512195121997 0.02121951219512197
