18 0.4625 0.89125 0.024983552631578865 0.027483552631578867
09 0.76375 0.86875 0.052491610738254924 0.03499161073825485
18 0.8625 0.118125 0.029956896551724177 0.033706896551724125
01 0.8687499999999999 0.27625 0.027494444444444377 0.017494444444444424
06 0.0975 0.8325 0.06248809523809523 0.10498809523809516
04 0.13125 0.225625 0.027492977528089893 0.03374297752808986
03 0.28437500000000004 0.270625 0.023745098039215706 0.02624509803921571
02 0.606875 0.5775 0.06620689655172407 0.04495689655172419
07 0.813125 0.8812500000000001 0.02372844827586218 0.04747844827586223
08 0.2924715909090909 0.21375 0.03744318181818185 0.05988636363636368
15 0.861875 0.464375 0.031235795454545356 0.03623579545454547
